personId,season,gameId,gameDateTimeEst,playerteamCity,playerteamName,opponentteamCity,opponentteamName,gameType,home,win,numMinutes,points,assists,reboundsTotal,reboundsDefensive,reboundsOffensive,blocks,steals,turnovers,foulsPersonal,plusMinusPoints,fieldGoalsAttempted,fieldGoalsMade,fieldGoalsPercentage,threePointersAttempted,threePointersMade,threePointersPercentage,freeThrowsAttempted,freeThrowsMade,freeThrowsPercentage,homeScore,awayScore,attendance
1626161,0,11600043,,Sacramento,,,,Pre Season,0,0,16.166666666666668,6,1,1,1,0,1,1,1,5,-4,3,3,1.0,0,0,0.0,0,0,0.0,0,0,0
1626161,0,11700010,,Sacramento,,,,Pre Season,0,0,15.15,6,0,3,2,1,1,1,1,6,2,4,2,0.5,0,0,0.0,2,2,1.0,106,96,0
1626161,0,11800053,,Sacramento,,,,Pre Season,0,0,21.3,13,7,8,6,2,1,3,0,1,21,9,5,0.556,0,0,0.0,4,3,0.75,0,0,0
1626161,0,12000009,,Dallas,,,,Pre Season,0,0,8.533333333333333,4,0,5,5,0,0,1,2,0,13,4,2,0.5,1,0,0.0,0,0,0.0,102,112,0
1626161,0,12000036,,Dallas,,,,Pre Season,0,0,5.716666666666667,2,0,3,2,1,0,0,0,2,-6,3,1,0.333,1,0,0.0,0,0,0.0,127,129,0
1626161,2015,11500007,2015-10-05 22:00:00,Sacramento,Kings,Portland,Trail Blazers,Preseason,0,1,20.0,6,0,5,4,1,2,1,0,3,6,5,3,0.6,0,0,0.0,0,0,0.0,105,109,0
1626161,2015,11500020,2015-10-07 22:00:00,Sacramento,Kings,Phoenix,Suns,Preseason,0,0,26.0,8,0,7,3,4,3,1,0,1,-1,7,3,0.429,0,0,0.0,3,2,0.667,102,98,0
1626161,2015,11500027,2015-10-08 22:00:00,Sacramento,Kings,San Antonio,Spurs,Preseason,1,1,23.0,4,1,7,4,3,1,1,1,3,9,3,2,0.667,0,0,0.0,0,0,0.0,95,92,0
1626161,2015,11500038,2015-10-10 22:00:00,Sacramento,Kings,Portland,Trail Blazers,Preseason,1,1,24.0,7,0,9,5,4,0,1,0,4,9,5,2,0.4,0,0,0.0,4,3,0.75,94,90,0
1626161,2015,11500055,2015-10-13 22:00:00,Sacramento,Kings,Los Angeles,Lakers,Preseason,0,1,21.0,3,1,5,3,2,1,0,0,2,0,2,1,0.5,0,0,0.0,4,1,0.25,100,107,0
1626161,2015,11500071,2015-10-17 19:00:00,Sacramento,Kings,New Orleans,Pelicans,Preseason,0,1,24.0,7,0,6,2,4,1,0,1,3,-8,4,3,0.75,0,0,0.0,4,1,0.25,98,107,0
1626161,2015,21500016,2015-10-28 22:00:00,Sacramento,Kings,Los Angeles,Clippers,Regular Season,1,0,7.0,2,0,2,1,1,0,0,0,0,1,2,1,0.5,0,0,0.0,0,0,0.0,104,111,0
1626161,2015,21500031,2015-10-30 22:00:00,Sacramento,Kings,Los Angeles,Lakers,Regular Season,1,1,30.0,17,1,9,6,3,3,1,2,5,23,8,7,0.875,0,0,0.0,5,3,0.6,132,114,0
1626161,2015,21500038,2015-10-31 22:30:00,Sacramento,Kings,Los Angeles,Clippers,Regular Season,0,0,22.0,8,0,9,4,5,1,3,2,5,4,5,3,0.6,0,0,0.0,4,2,0.5,114,109,0
1626161,2015,21500058,2015-11-03 22:00:00,Sacramento,Kings,Memphis,Grizzlies,Regular Season,1,0,34.0,9,1,7,4,3,1,1,1,3,-15,4,3,0.75,0,0,0.0,6,3,0.5,89,103,0
1626161,2015,21500067,2015-11-04 21:00:00,Sacramento,Kings,Phoenix,Suns,Regular Season,0,0,16.0,0,0,4,4,0,1,0,0,1,-5,0,0,0.0,0,0,0.0,0,0,0.0,118,97,0
1626161,2015,21500084,2015-11-06 22:30:00,Sacramento,Kings,Houston,Rockets,Regular Season,1,0,22.0,7,1,9,5,4,2,2,0,4,22,5,3,0.6,0,0,0.0,2,1,0.5,110,116,0
1626161,2015,21500092,2015-11-07 22:00:00,Sacramento,Kings,Golden State,Warriors,Regular Season,1,0,19.0,6,1,1,0,1,0,1,1,2,4,4,3,0.75,0,0,0.0,0,0,0.0,94,103,0
1626161,2015,21500103,2015-11-09 22:00:00,Sacramento,Kings,San Antonio,Spurs,Regular Season,1,0,22.0,4,0,6,5,1,0,1,0,2,-6,3,2,0.667,0,0,0.0,0,0,0.0,88,106,0
1626161,2015,21500122,2015-11-11 22:00:00,Sacramento,Kings,Detroit,Pistons,Regular Season,1,1,16.0,4,0,5,2,3,1,1,1,2,10,3,2,0.667,0,0,0.0,0,0,0.0,101,92,0
1626161,2015,21500137,2015-11-13 22:00:00,Sacramento,Kings,Brooklyn,Nets,Regular Season,1,1,18.0,1,0,9,9,0,1,1,1,0,1,0,0,0.0,0,0,0.0,2,1,0.5,111,109,0
1626161,2015,21500150,2015-11-15 21:00:00,Sacramento,Kings,Toronto,Raptors,Regular Season,1,1,8.0,0,0,4,3,1,1,0,1,1,3,0,0,0.0,0,0,0.0,0,0,0.0,107,101,0
1626161,2015,21500169,2015-11-18 20:00:00,Sacramento,Kings,Atlanta,Hawks,Regular Season,0,0,14.0,0,0,5,4,1,0,0,0,2,8,2,0,0.0,0,0,0.0,0,0,0.0,103,97,0
1626161,2015,21500175,2015-11-19 19:30:00,Sacramento,Kings,Miami,Heat,Regular Season,0,0,22.0,11,0,5,3,2,2,0,3,6,-11,7,5,0.714,0,0,0.0,2,1,0.5,116,109,0
1626161,2015,21500189,2015-11-21 17:00:00,Sacramento,Kings,Orlando,Magic,Regular Season,0,1,17.0,2,0,5,2,3,2,0,0,3,-11,5,1,0.2,0,0,0.0,0,0,0.0,91,97,0
1626161,2015,21500202,2015-11-23 19:00:00,Sacramento,Kings,Charlotte,Hornets,Regular Season,0,0,8.0,0,1,1,1,0,0,0,0,0,1,0,0,0.0,0,0,0.0,0,0,0.0,127,122,0
1626161,2015,21500221,2015-11-25 20:00:00,Sacramento,Kings,Milwaukee,Bucks,Regular Season,0,1,23.0,7,0,5,4,1,3,0,0,2,-3,4,3,0.75,0,0,0.0,2,1,0.5,118,129,0
1626161,2015,21500237,2015-11-27 22:00:00,Sacramento,Kings,Minnesota,Timberwolves,Regular Season,1,0,24.0,6,0,3,2,1,1,0,0,0,-8,5,3,0.6,0,0,0.0,2,0,0.0,91,101,0
1626161,2015,21500245,2015-11-28 22:30:00,Sacramento,Kings,Golden State,Warriors,Regular Season,0,0,20.0,3,1,4,2,2,2,1,0,5,2,5,1,0.2,0,0,0.0,2,1,0.5,120,101,0
1626161,2015,21500260,2015-11-30 22:00:00,Sacramento,Kings,Dallas,Mavericks,Regular Season,1,1,12.0,1,0,5,2,3,0,0,1,3,3,0,0,0.0,0,0,0.0,2,1,0.5,112,98,0
1626161,2015,21500282,2015-12-03 22:00:00,Sacramento,Kings,Boston,Celtics,Regular Season,1,0,17.0,8,1,5,4,1,1,0,1,3,11,2,2,1.0,0,0,0.0,6,4,0.667,97,114,0
1626161,2015,21500496,2016-01-02 17:00:00,Sacramento,Kings,Phoenix,Suns,Regular Season,1,1,4.0,4,1,5,2,3,0,0,0,0,1,3,2,0.667,0,0,0.0,0,0,0.0,142,119,0
1626161,2015,21500517,2016-01-04 20:00:00,Sacramento,Kings,Oklahoma City,Thunder,Regular Season,0,1,15.0,8,0,3,1,2,1,0,0,1,9,4,3,0.75,0,0,0.0,4,2,0.5,104,116,0
1626161,2015,21500523,2016-01-05 20:30:00,Sacramento,Kings,Dallas,Mavericks,Regular Season,0,0,0.0,0,0,0,0,0,0,0,0,0,0,0,0,0.0,0,0,0.0,0,0,0.0,117,116,0
1626161,2015,21500539,2016-01-07 22:30:00,Sacramento,Kings,Los Angeles,Lakers,Regular Season,1,1,0.0,0,0,0,0,0,0,0,0,0,0,0,0,0.0,0,0,0.0,0,0,0.0,118,115,0
1626161,2015,21500556,2016-01-09 22:00:00,Sacramento,Kings,Golden State,Warriors,Regular Season,1,0,9.0,10,0,1,0,1,0,0,0,2,-4,6,4,0.667,0,0,0.0,4,2,0.5,116,128,0
1626161,2015,21500585,2016-01-13 22:00:00,Sacramento,Kings,New Orleans,Pelicans,Regular Season,1,0,15.0,2,0,5,4,1,3,0,1,2,14,1,1,1.0,0,0,0.0,0,0,0.0,97,109,0
1626161,2015,21500591,2016-01-14 21:00:00,Sacramento,Kings,Utah,Jazz,Regular Season,0,1,23.0,9,0,8,6,2,1,1,0,4,2,6,4,0.667,0,0,0.0,2,1,0.5,101,103,0
1626161,2015,21500609,2016-01-16 22:30:00,Sacramento,Kings,Los Angeles,Clippers,Regular Season,0,1,12.0,2,1,4,4,0,3,0,0,0,-4,3,0,0.0,0,0,0.0,4,2,0.5,103,110,0
1626161,2015,21500638,2016-01-20 22:30:00,Sacramento,Kings,Los Angeles,Lakers,Regular Season,0,1,29.0,12,1,10,6,4,2,2,0,4,-1,8,5,0.625,0,0,0.0,4,2,0.5,93,112,0
1626161,2015,21500643,2016-01-21 22:00:00,Sacramento,Kings,Atlanta,Hawks,Regular Season,1,1,30.0,12,0,11,6,5,0,2,0,1,1,8,5,0.625,0,0,0.0,2,2,1.0,91,88,0
1626161,2015,21500663,2016-01-23 22:30:00,Sacramento,Kings,Indiana,Pacers,Regular Season,1,1,34.0,6,2,12,7,5,1,2,1,2,13,6,3,0.5,0,0,0.0,0,0,0.0,108,97,0
1626161,2015,21500674,2016-01-25 22:00:00,Sacramento,Kings,Charlotte,Hornets,Regular Season,1,0,38.0,9,0,9,5,4,1,1,3,5,-13,8,4,0.5,0,0,0.0,2,1,0.5,128,129,0
1626161,2015,21500682,2016-01-26 22:00:00,Sacramento,Kings,Portland,Trail Blazers,Regular Season,0,0,29.0,12,1,7,4,3,4,1,0,4,-4,8,5,0.625,0,0,0.0,2,2,1.0,112,97,0
1626161,2015,21500696,2016-01-28 20:00:00,Sacramento,Kings,New Orleans,Pelicans,Regular Season,0,0,14.0,6,1,1,1,0,1,0,0,2,-9,2,1,0.5,0,0,0.0,4,4,1.0,114,105,0
1626161,2015,21500712,2016-01-30 20:00:00,Sacramento,Kings,Memphis,Grizzlies,Regular Season,0,0,15.0,2,0,5,3,2,0,1,0,3,-6,3,1,0.333,0,0,0.0,0,0,0.0,121,117,0
1626161,2015,21500729,2016-02-01 22:00:00,Sacramento,Kings,Milwaukee,Bucks,Regular Season,1,1,28.0,4,0,10,6,4,2,0,3,1,8,4,2,0.5,0,0,0.0,0,0,0.0,111,104,0
1626161,2015,21500744,2016-02-03 22:00:00,Sacramento,Kings,Chicago,Bulls,Regular Season,1,0,17.0,2,0,5,3,2,2,0,0,3,-12,4,1,0.25,0,0,0.0,0,0,0.0,102,107,0
1626161,2015,21500754,2016-02-05 19:30:00,Sacramento,Kings,Brooklyn,Nets,Regular Season,0,0,28.0,16,0,6,4,2,1,1,2,3,6,8,7,0.875,0,0,0.0,2,2,1.0,128,119,0
1626161,2015,21500773,2016-02-07 13:00:00,Sacramento,Kings,Boston,Celtics,Regular Season,0,0,23.0,15,0,4,1,3,1,1,1,4,-15,9,7,0.778,0,0,0.0,1,1,1.0,128,119,0
1626161,2015,21500775,2016-02-08 19:00:00,Sacramento,Kings,Cleveland,Cavaliers,Regular Season,0,0,29.0,13,1,4,2,2,0,0,2,2,-17,9,6,0.667,0,0,0.0,2,1,0.5,120,100,0
1626161,2015,21500791,2016-02-10 19:00:00,Sacramento,Kings,Philadelphia,76ers,Regular Season,0,1,17.0,3,1,3,1,2,0,0,0,0,-14,3,1,0.333,0,0,0.0,2,1,0.5,110,114,0
1626161,2015,21500816,2016-02-19 22:00:00,Sacramento,Kings,Denver,Nuggets,Regular Season,1,1,14.0,10,0,3,2,1,3,0,1,0,-4,5,5,1.0,0,0,0.0,0,0,0.0,116,110,0
1626161,2015,21500842,2016-02-23 21:00:00,Sacramento,Kings,Denver,Nuggets,Regular Season,0,1,23.0,10,1,5,3,2,2,1,0,1,1,7,4,0.571,0,0,0.0,2,2,1.0,110,114,0
1626161,2015,21500854,2016-02-24 22:30:00,Sacramento,Kings,San Antonio,Spurs,Regular Season,1,0,17.0,12,0,6,3,3,0,2,0,1,-24,10,6,0.6,0,0,0.0,0,0,0.0,92,108,0
1626161,2015,21500867,2016-02-26 22:00:00,Sacramento,Kings,Los Angeles,Clippers,Regular Season,1,0,23.0,4,1,6,3,3,0,0,0,3,-2,2,1,0.5,0,0,0.0,2,2,1.0,107,117,0
1626161,2015,21500889,2016-02-29 22:00:00,Sacramento,Kings,Oklahoma City,Thunder,Regular Season,1,0,16.0,6,0,2,1,1,0,1,1,1,-6,4,2,0.5,0,0,0.0,2,2,1.0,116,131,0
1626161,2015,21500902,2016-03-02 20:00:00,Sacramento,Kings,Memphis,Grizzlies,Regular Season,0,0,19.0,8,0,4,3,1,0,1,0,1,4,4,4,1.0,0,0,0.0,0,0,0.0,104,98,0
1626161,2015,21500910,2016-03-03 20:30:00,Sacramento,Kings,Dallas,Mavericks,Regular Season,0,1,5.0,2,0,1,1,0,0,0,0,0,0,2,1,0.5,0,0,0.0,0,0,0.0,101,104,0
1626161,2015,21500928,2016-03-05 20:30:00,Sacramento,Kings,San Antonio,Spurs,Regular Season,0,0,11.0,1,0,0,0,0,0,0,0,2,-6,3,0,0.0,0,0,0.0,2,1,0.5,104,94,0
1626161,2015,21500941,2016-03-07 20:00:00,Sacramento,Kings,New Orleans,Pelicans,Regular Season,0,0,5.0,0,0,0,0,0,0,0,0,1,-14,2,0,0.0,0,0,0.0,0,0,0.0,115,112,0
1626161,2015,21500957,2016-03-09 22:00:00,Sacramento,Kings,Cleveland,Cavaliers,Regular Season,1,0,11.0,4,0,1,1,0,0,0,0,4,1,2,2,1.0,0,0,0.0,0,0,0.0,111,120,0
1626161,2015,21500970,2016-03-11 22:00:00,Sacramento,Kings,Orlando,Magic,Regular Season,1,0,20.0,12,1,6,4,2,1,0,2,1,-3,9,4,0.444,0,0,0.0,4,4,1.0,100,107,0
1626161,2015,21500986,2016-03-13 18:00:00,Sacramento,Kings,Utah,Jazz,Regular Season,1,0,28.0,10,0,7,5,2,1,1,0,1,4,6,4,0.667,0,0,0.0,6,2,0.333,99,108,0
1626161,2015,21501002,2016-03-15 22:30:00,Sacramento,Kings,Los Angeles,Lakers,Regular Season,0,1,31.0,8,0,7,7,0,1,1,0,2,17,3,3,1.0,0,0,0.0,2,2,1.0,98,106,0
1626161,2015,21501010,2016-03-16 22:00:00,Sacramento,Kings,New Orleans,Pelicans,Regular Season,1,0,24.0,2,2,7,4,3,0,0,0,1,-15,5,1,0.2,0,0,0.0,0,0,0.0,108,123,0
1626161,2015,21501022,2016-03-18 19:30:00,Sacramento,Kings,Detroit,Pistons,Regular Season,0,0,0.0,0,0,0,0,0,0,0,0,0,0,0,0,0.0,0,0,0.0,0,0,0.0,115,108,0
1626161,2015,21501042,2016-03-20 19:30:00,Sacramento,Kings,New York,Knicks,Regular Season,0,1,0.0,0,0,0,0,0,0,0,0,0,0,0,0,0.0,0,0,0.0,0,0,0.0,80,88,0
1626161,2015,21501049,2016-03-21 20:00:00,Sacramento,Kings,Chicago,Bulls,Regular Season,0,0,4.0,0,0,1,0,1,0,0,1,0,-3,2,0,0.0,0,0,0.0,0,0,0.0,109,102,0
1626161,2015,21501062,2016-03-23 20:00:00,Sacramento,Kings,Minnesota,Timberwolves,Regular Season,0,0,21.0,2,0,5,4,1,1,0,0,2,12,4,1,0.25,0,0,0.0,0,0,0.0,113,104,0
1626161,2015,21501079,2016-03-25 22:00:00,Sacramento,Kings,Phoenix,Suns,Regular Season,1,1,29.0,26,0,6,3,3,2,3,3,5,7,19,11,0.579,2,0,0.0,6,4,0.667,116,94,0
1626161,2015,21501095,2016-03-27 18:00:00,Sacramento,Kings,Dallas,Mavericks,Regular Season,1,1,28.0,21,2,7,5,2,0,0,2,2,9,11,8,0.727,0,0,0.0,5,5,1.0,133,111,0
1626161,2015,21501105,2016-03-28 22:00:00,Sacramento,Kings,Portland,Trail Blazers,Regular Season,0,0,33.0,13,2,14,8,6,0,1,1,2,0,12,6,0.5,0,0,0.0,2,1,0.5,105,93,0
1626161,2015,21501120,2016-03-30 22:00:00,Sacramento,Kings,Washington,Wizards,Regular Season,1,1,23.0,6,0,5,3,2,1,1,0,1,5,7,3,0.429,0,0,0.0,2,0,0.0,120,111,0
1626161,2015,21501135,2016-04-01 22:00:00,Sacramento,Kings,Miami,Heat,Regular Season,1,0,22.0,4,1,4,2,2,2,0,0,1,-2,6,1,0.167,0,0,0.0,2,2,1.0,106,112,0
1626161,2015,21501141,2016-04-02 21:00:00,Sacramento,Kings,Denver,Nuggets,Regular Season,0,1,38.0,14,3,9,6,3,2,1,1,5,6,7,5,0.714,0,0,0.0,4,4,1.0,106,115,0
1626161,2015,21501162,2016-04-05 22:00:00,Sacramento,Kings,Portland,Trail Blazers,Regular Season,1,0,33.0,9,0,5,3,2,3,1,0,4,-9,7,3,0.429,0,0,0.0,5,3,0.6,107,115,0
1626161,2015,21501176,2016-04-07 22:00:00,Sacramento,Kings,Minnesota,Timberwolves,Regular Season,1,0,32.0,15,0,6,2,4,0,3,2,5,4,12,6,0.5,0,0,0.0,3,3,1.0,97,105,0
1626161,2015,21501193,2016-04-09 22:30:00,Sacramento,Kings,Oklahoma City,Thunder,Regular Season,1,1,21.0,4,2,4,1,3,0,2,0,1,-15,2,2,1.0,0,0,0.0,2,0,0.0,114,112,0
1626161,2015,21501211,2016-04-11 22:00:00,Sacramento,Kings,Phoenix,Suns,Regular Season,0,1,39.0,11,3,7,6,1,1,2,3,2,3,9,4,0.444,0,0,0.0,4,3,0.75,101,105,0
1626161,2015,21501224,2016-04-13 20:00:00,Sacramento,Kings,Houston,Rockets,Regular Season,0,0,31.0,6,3,8,5,3,1,2,2,5,-37,10,3,0.3,0,0,0.0,0,0,0.0,116,81,0
1626161,2016,11600015,2016-10-04 22:00:00,Sacramento,Kings,Los Angeles,Lakers,Preseason,0,0,18.0,4,3,4,3,1,0,1,2,3,5,3,1,0.333,0,0,0.0,3,2,0.667,103,84,0
1626161,2016,11600026,2016-10-06 22:30:00,Sacramento,Kings,Golden State,Warriors,Preseason,0,0,20.0,2,0,2,1,1,0,2,1,4,6,3,0,0.0,0,0,0.0,4,2,0.5,105,96,0
1626161,2016,11600058,2016-10-13 22:30:00,Sacramento,Kings,Los Angeles,Lakers,Preseason,0,1,24.0,12,1,4,4,0,0,1,0,1,9,7,6,0.857,0,0,0.0,1,0,0.0,104,116,0
1626161,2016,11600069,2016-10-15 19:00:00,Sacramento,Kings,Washington,Wizards,Preseason,1,1,22.0,12,1,5,3,2,1,4,1,1,-1,6,5,0.833,0,0,0.0,5,2,0.4,124,119,0
1626161,2016,11600082,2016-10-18 22:00:00,Sacramento,Kings,Los Angeles,Clippers,Preseason,1,0,22.0,8,1,8,4,4,0,0,2,2,-4,6,3,0.5,0,0,0.0,2,2,1.0,89,92,0
1626161,2016,21600012,2016-10-26 22:00:00,Sacramento,Kings,Phoenix,Suns,Regular Season,0,1,19.0,6,2,2,1,1,0,0,1,1,0,6,3,0.5,0,0,0.0,0,0,0.0,94,113,0
1626161,2016,21600016,2016-10-27 22:30:00,Sacramento,Kings,San Antonio,Spurs,Regular Season,1,0,10.0,3,0,0,0,0,0,0,1,2,-6,3,1,0.333,0,0,0.0,2,1,0.5,94,102,0
1626161,2016,21600034,2016-10-29 22:30:00,Sacramento,Kings,Minnesota,Timberwolves,Regular Season,1,1,8.0,4,0,0,0,0,0,0,0,1,-11,3,2,0.667,0,0,0.0,0,0,0.0,106,103,0
1626161,2016,21600044,2016-10-31 19:30:00,Sacramento,Kings,Atlanta,Hawks,Regular Season,0,0,11.0,0,1,1,0,1,1,1,1,3,-4,2,0,0.0,0,0,0.0,0,0,0.0,106,95,0
1626161,2016,21600049,2016-11-01 19:30:00,Sacramento,Kings,Miami,Heat,Regular Season,0,0,0.0,0,0,0,0,0,0,0,0,0,0,0,0,0.0,0,0,0.0,0,0,0.0,108,96,0
1626161,2016,21600065,2016-11-03 19:00:00,Sacramento,Kings,Orlando,Magic,Regular Season,0,0,24.0,4,0,1,1,0,0,1,1,4,-5,5,2,0.4,0,0,0.0,0,0,0.0,102,94,0
1626161,2016,21600085,2016-11-05 20:00:00,Sacramento,Kings,Milwaukee,Bucks,Regular Season,0,0,17.0,6,1,3,3,0,0,1,1,3,-7,2,2,1.0,0,0,0.0,2,2,1.0,117,91,0
1626161,2016,21600089,2016-11-06 18:00:00,Sacramento,Kings,Toronto,Raptors,Regular Season,0,1,0.0,0,0,0,0,0,0,0,0,0,0,0,0,0.0,0,0,0.0,0,0,0.0,91,96,0
1626161,2016,21600105,2016-11-08 22:30:00,Sacramento,Kings,New Orleans,Pelicans,Regular Season,1,1,12.0,9,0,3,3,0,2,0,2,5,3,6,4,0.667,0,0,0.0,3,1,0.333,102,94,0
1626161,2016,21600120,2016-11-10 22:30:00,Sacramento,Kings,Los Angeles,Lakers,Regular Season,1,0,11.0,6,0,4,2,2,0,1,1,2,-11,4,3,0.75,0,0,0.0,0,0,0.0,91,101,0
1626161,2016,21600128,2016-11-11 22:00:00,Sacramento,Kings,Portland,Trail Blazers,Regular Season,0,0,8.0,4,0,2,0,2,0,0,0,2,-3,2,2,1.0,0,0,0.0,0,0,0.0,122,120,0
1626161,2016,21600168,2016-11-16 22:30:00,Sacramento,Kings,San Antonio,Spurs,Regular Season,1,0,13.0,11,0,4,3,1,0,1,2,2,-10,5,3,0.6,0,0,0.0,7,5,0.714,105,110,0
1626161,2016,21600183,2016-11-18 22:30:00,Sacramento,Kings,Los Angeles,Clippers,Regular Season,1,0,8.0,4,0,1,0,1,0,0,0,3,-13,5,2,0.4,0,0,0.0,0,0,0.0,115,121,0
1626161,2016,21600196,2016-11-20 21:00:00,Sacramento,Kings,Toronto,Raptors,Regular Season,1,1,4.0,2,0,1,0,1,1,0,0,3,-9,2,1,0.5,0,0,0.0,0,0,0.0,102,99,0
1626161,2016,21600224,2016-11-23 22:30:00,Sacramento,Kings,Oklahoma City,Thunder,Regular Season,1,1,0.0,0,0,0,0,0,0,0,0,0,0,0,0,0.0,0,0,0.0,0,0,0.0,116,101,0
1626161,2016,21600239,2016-11-25 22:30:00,Sacramento,Kings,Houston,Rockets,Regular Season,1,0,0.0,0,0,0,0,0,0,0,0,0,0,0,0,0.0,0,0,0.0,0,0,0.0,104,117,0
1626161,2016,21600247,2016-11-27 18:00:00,Sacramento,Kings,Brooklyn,Nets,Regular Season,0,1,3.0,0,0,1,1,0,0,0,0,0,-5,1,0,0.0,0,0,0.0,0,0,0.0,105,122,0
1626161,2016,21600253,2016-11-28 19:00:00,Sacramento,Kings,Washington,Wizards,Regular Season,0,0,14.0,8,0,2,2,0,1,1,0,3,-1,4,3,0.75,0,0,0.0,3,2,0.667,101,95,0
1626161,2016,21600283,2016-12-02 19:30:00,Sacramento,Kings,Boston,Celtics,Regular Season,0,0,11.0,6,0,1,1,0,0,0,0,0,-1,5,3,0.6,0,0,0.0,0,0,0.0,97,92,0
1626161,2016,21600302,2016-12-04 19:30:00,Sacramento,Kings,New York,Knicks,Regular Season,0,0,23.0,9,0,4,1,3,0,1,0,4,13,7,4,0.571,0,0,0.0,3,1,0.333,106,98,0
1626161,2016,21600328,2016-12-07 20:30:00,Sacramento,Kings,Dallas,Mavericks,Regular Season,0,1,15.0,6,1,3,2,1,0,3,1,4,-3,5,3,0.6,0,0,0.0,2,0,0.0,89,120,0
1626161,2016,21600345,2016-12-09 22:30:00,Sacramento,Kings,New York,Knicks,Regular Season,1,0,12.0,0,1,1,0,1,0,0,0,2,1,2,0,0.0,0,0,0.0,0,0,0.0,100,103,0
1626161,2016,21600354,2016-12-10 21:00:00,Sacramento,Kings,Utah,Jazz,Regular Season,0,0,11.0,4,0,2,1,1,0,0,0,1,-5,5,2,0.4,1,0,0.0,0,0,0.0,104,84,0
1626161,2016,21600367,2016-12-12 22:30:00,Sacramento,Kings,Los Angeles,Lakers,Regular Season,1,1,10.0,8,0,4,0,4,0,1,2,1,-3,6,4,0.667,0,0,0.0,0,0,0.0,116,92,0
1626161,2016,21600380,2016-12-14 20:00:00,Sacramento,Kings,Houston,Rockets,Regular Season,0,0,22.0,11,2,5,4,1,2,1,0,3,-9,8,5,0.625,0,0,0.0,1,1,1.0,132,98,0
1626161,2016,21600394,2016-12-16 20:00:00,Sacramento,Kings,Memphis,Grizzlies,Regular Season,0,1,2.0,0,0,0,0,0,0,0,0,3,3,0,0,0.0,0,0,0.0,2,0,0.0,92,96,0
1626161,2016,21600411,2016-12-18 16:00:00,Sacramento,Kings,Dallas,Mavericks,Regular Season,0,0,14.0,4,0,6,5,1,0,0,1,0,-8,4,2,0.5,0,0,0.0,2,0,0.0,99,79,0
1626161,2016,21600428,2016-12-20 22:30:00,Sacramento,Kings,Portland,Trail Blazers,Regular Season,1,1,6.0,6,0,0,0,0,0,0,0,1,-1,3,3,1.0,0,0,0.0,0,0,0.0,126,121,0
1626161,2016,21600434,2016-12-21 21:00:00,Sacramento,Kings,Utah,Jazz,Regular Season,0,1,18.0,5,1,5,5,0,2,0,0,0,6,4,2,0.5,0,0,0.0,2,1,0.5,93,94,0
1626161,2016,21600450,2016-12-23 20:00:00,Sacramento,Kings,Minnesota,Timberwolves,Regular Season,0,1,7.0,2,0,2,2,0,1,0,1,2,-6,3,1,0.333,0,0,0.0,0,0,0.0,105,109,0
1626161,2016,21600471,2016-12-26 22:30:00,Sacramento,Kings,Philadelphia,76ers,Regular Season,1,1,12.0,9,0,4,2,2,1,1,0,3,-9,7,4,0.571,0,0,0.0,2,1,0.5,102,100,0
1626161,2016,21600484,2016-12-28 22:00:00,Sacramento,Kings,Portland,Trail Blazers,Regular Season,0,0,10.0,0,0,2,2,0,0,0,0,1,-5,0,0,0.0,0,0,0.0,2,0,0.0,102,89,0
1626161,2016,21600502,2016-12-31 17:00:00,Sacramento,Kings,Memphis,Grizzlies,Regular Season,1,0,3.0,0,0,0,0,0,0,0,1,0,-9,0,0,0.0,0,0,0.0,0,0,0.0,98,112,0
1626161,2016,21600526,2017-01-03 21:00:00,Sacramento,Kings,Denver,Nuggets,Regular Season,0,1,1.0,0,0,0,0,0,0,0,1,0,3,1,0,0.0,0,0,0.0,0,0,0.0,113,120,0
1626161,2016,21600535,2017-01-04 22:30:00,Sacramento,Kings,Miami,Heat,Regular Season,1,0,6.0,2,1,3,1,2,0,1,0,1,5,2,1,0.5,0,0,0.0,0,0,0.0,102,107,0
1626161,2016,21600551,2017-01-06 22:30:00,Sacramento,Kings,Los Angeles,Clippers,Regular Season,1,0,0.0,0,0,0,0,0,0,0,0,0,0,0,0,0.0,0,0,0.0,0,0,0.0,98,106,0
1626161,2016,21600566,2017-01-08 21:00:00,Sacramento,Kings,Golden State,Warriors,Regular Season,1,0,0.0,0,0,0,0,0,0,0,0,0,0,0,0,0.0,0,0,0.0,0,0,0.0,106,117,0
1626161,2016,21600579,2017-01-10 22:30:00,Sacramento,Kings,Detroit,Pistons,Regular Season,1,1,0.0,0,0,0,0,0,0,0,0,0,0,0,0,0.0,0,0,0.0,0,0,0.0,100,94,0
1626161,2016,21600599,2017-01-13 22:30:00,Sacramento,Kings,Cleveland,Cavaliers,Regular Season,1,0,0.0,0,0,0,0,0,0,0,0,0,-2,0,0,0.0,0,0,0.0,0,0,0.0,108,120,0
1626161,2016,21600610,2017-01-15 21:00:00,Sacramento,Kings,Oklahoma City,Thunder,Regular Season,1,0,4.0,2,0,1,0,1,0,0,1,2,-5,2,1,0.5,0,0,0.0,0,0,0.0,118,122,0
1626161,2016,21600635,2017-01-18 22:30:00,Sacramento,Kings,Indiana,Pacers,Regular Season,1,0,5.0,0,0,1,0,1,0,0,0,1,-1,0,0,0.0,0,0,0.0,0,0,0.0,100,106,0
1626161,2016,21600644,2017-01-20 20:00:00,Sacramento,Kings,Memphis,Grizzlies,Regular Season,0,0,12.0,6,0,2,2,0,1,1,0,3,3,3,2,0.667,0,0,0.0,2,2,1.0,107,91,0
1626161,2016,21600660,2017-01-21 21:00:00,Sacramento,Kings,Chicago,Bulls,Regular Season,0,0,12.0,5,0,4,2,2,0,1,0,0,3,3,2,0.667,0,0,0.0,2,1,0.5,102,99,0
1626161,2016,21600669,2017-01-23 19:30:00,Sacramento,Kings,Detroit,Pistons,Regular Season,0,1,21.0,12,0,5,2,3,1,1,0,0,9,8,5,0.625,0,0,0.0,2,2,1.0,104,109,0
1626161,2016,21600680,2017-01-25 19:00:00,Sacramento,Kings,Cleveland,Cavaliers,Regular Season,0,1,26.0,8,0,10,7,3,1,1,0,2,0,8,3,0.375,0,0,0.0,2,2,1.0,112,116,0
1626161,2016,21600696,2017-01-27 19:00:00,Sacramento,Kings,Indiana,Pacers,Regular Season,0,0,11.0,2,2,1,0,1,0,0,0,2,-8,1,0,0.0,0,0,0.0,2,2,1.0,115,111,0
1626161,2016,21600704,2017-01-28 19:00:00,Sacramento,Kings,Charlotte,Hornets,Regular Season,0,1,14.0,13,0,3,2,1,0,0,1,3,-11,7,6,0.857,0,0,0.0,4,1,0.25,106,109,0
1626161,2016,21600266,2017-01-30 18:00:00,Sacramento,Kings,Philadelphia,76ers,Regular Season,0,0,20.0,17,1,3,2,1,1,1,3,1,-4,10,8,0.8,0,0,0.0,2,1,0.5,122,119,0
1626161,2016,21600726,2017-01-31 20:00:00,Sacramento,Kings,Houston,Rockets,Regular Season,0,0,24.0,10,2,5,3,2,3,0,1,2,-3,10,4,0.4,1,0,0.0,2,2,1.0,105,83,0
1626161,2016,21600753,2017-02-03 22:30:00,Sacramento,Kings,Phoenix,Suns,Regular Season,1,0,14.0,4,0,4,3,1,0,1,1,3,-6,4,2,0.5,0,0,0.0,0,0,0.0,103,105,0
1626161,2016,21600764,2017-02-04 22:30:00,Sacramento,Kings,Golden State,Warriors,Regular Season,1,1,17.0,14,1,4,4,0,1,2,0,0,3,12,7,0.583,0,0,0.0,0,0,0.0,109,106,0
1626161,2016,21600778,2017-02-06 22:30:00,Sacramento,Kings,Chicago,Bulls,Regular Season,1,0,6.0,4,1,2,2,0,0,0,0,0,0,2,2,1.0,0,0,0.0,1,0,0.0,107,112,0
1626161,2016,21600793,2017-02-08 22:30:00,Sacramento,Kings,Boston,Celtics,Regular Season,1,1,23.0,14,4,5,4,1,1,0,0,4,24,8,5,0.625,0,0,0.0,4,4,1.0,108,92,0
1626161,2016,21600806,2017-02-10 22:30:00,Sacramento,Kings,Atlanta,Hawks,Regular Season,1,1,16.0,9,3,4,4,0,0,0,0,3,9,6,4,0.667,0,0,0.0,2,1,0.5,108,107,0
1626161,2016,21600819,2017-02-12 21:00:00,Sacramento,Kings,New Orleans,Pelicans,Regular Season,1,1,17.0,8,1,4,4,0,0,0,1,1,4,6,3,0.5,0,0,0.0,2,2,1.0,105,99,0
1626161,2016,21600833,2017-02-14 22:30:00,Sacramento,Kings,Los Angeles,Lakers,Regular Season,0,1,15.0,8,0,3,1,2,1,3,0,0,-7,5,3,0.6,0,0,0.0,2,2,1.0,96,97,0
1626161,2016,21600847,2017-02-15 22:30:00,Sacramento,Kings,Golden State,Warriors,Regular Season,0,0,24.0,13,1,7,4,3,1,1,4,2,-10,16,6,0.375,0,0,0.0,1,1,1.0,109,86,0
1626161,2016,21600855,2017-02-23 22:30:00,Sacramento,Kings,Denver,Nuggets,Regular Season,1,1,35.0,29,0,10,7,3,1,0,3,3,18,22,14,0.636,0,0,0.0,1,1,1.0,116,100,0
1626161,2016,21600866,2017-02-25 17:00:00,Sacramento,Kings,Charlotte,Hornets,Regular Season,1,0,28.0,2,1,2,2,0,3,0,0,1,-12,5,0,0.0,0,0,0.0,2,2,1.0,85,99,0
1626161,2016,21600888,2017-02-27 22:30:00,Sacramento,Kings,Minnesota,Timberwolves,Regular Season,1,0,34.0,14,5,6,6,0,1,1,4,3,-6,11,5,0.455,0,0,0.0,8,4,0.5,88,102,0
1626161,2016,21600905,2017-03-01 22:30:00,Sacramento,Kings,Brooklyn,Nets,Regular Season,1,0,24.0,9,0,5,3,2,0,3,3,4,7,6,2,0.333,0,0,0.0,6,5,0.833,100,109,0
1626161,2016,21600931,2017-03-05 18:00:00,Sacramento,Kings,Utah,Jazz,Regular Season,1,0,39.0,15,3,9,9,0,1,2,0,2,3,12,6,0.5,0,0,0.0,6,3,0.5,109,110,0
1626161,2016,21600943,2017-03-06 21:00:00,Sacramento,Kings,Denver,Nuggets,Regular Season,0,0,28.0,10,1,6,4,2,0,1,1,6,-18,11,5,0.455,0,0,0.0,0,0,0.0,108,96,0
1626161,2016,21600957,2017-03-08 20:30:00,Sacramento,Kings,San Antonio,Spurs,Regular Season,0,0,27.0,8,1,3,2,1,1,0,0,5,-13,7,4,0.571,0,0,0.0,0,0,0.0,114,104,0
1626161,2016,21600972,2017-03-10 22:30:00,Sacramento,Kings,Washington,Wizards,Regular Season,1,0,42.0,20,3,13,11,2,0,1,2,1,-11,12,7,0.583,0,0,0.0,8,6,0.75,122,130,0
1626161,2016,21600984,2017-03-11 22:30:00,Sacramento,Kings,Denver,Nuggets,Regular Season,1,0,35.0,13,5,5,5,0,0,0,3,0,-4,11,3,0.273,0,0,0.0,8,7,0.875,92,105,0
1626161,2016,21600997,2017-03-13 22:30:00,Sacramento,Kings,Orlando,Magic,Regular Season,1,1,36.0,18,1,8,8,0,0,0,1,0,9,16,9,0.563,0,0,0.0,0,0,0.0,120,115,0
1626161,2016,21601012,2017-03-15 22:00:00,Sacramento,Kings,Phoenix,Suns,Regular Season,0,1,33.0,14,5,11,7,4,4,4,3,1,4,11,6,0.545,0,0,0.0,6,2,0.333,101,107,0
1626161,2016,21601028,2017-03-18 15:00:00,Sacramento,Kings,Oklahoma City,Thunder,Regular Season,0,0,26.0,4,2,3,2,1,0,2,3,3,-11,4,1,0.25,0,0,0.0,2,2,1.0,110,94,0
1626161,2016,21601042,2017-03-19 19:00:00,Sacramento,Kings,San Antonio,Spurs,Regular Season,0,0,32.0,18,5,4,4,0,1,0,2,2,-11,11,5,0.455,0,0,0.0,10,8,0.8,118,102,0
1626161,2016,21601065,2017-03-22 22:30:00,Sacramento,Kings,Milwaukee,Bucks,Regular Season,1,0,27.0,10,2,8,7,1,4,0,2,2,-12,10,5,0.5,0,0,0.0,1,0,0.0,98,116,0
1626161,2016,21601081,2017-03-24 22:30:00,Sacramento,Kings,Golden State,Warriors,Regular Season,0,0,27.0,12,2,4,3,1,0,1,1,3,-8,6,5,0.833,0,0,0.0,2,2,1.0,114,100,0
1626161,2016,21601089,2017-03-26 15:30:00,Sacramento,Kings,Los Angeles,Clippers,Regular Season,0,1,33.0,8,1,14,13,1,1,2,2,3,0,6,4,0.667,0,0,0.0,0,0,0.0,97,98,0
1626161,2016,21601101,2017-03-27 22:30:00,Sacramento,Kings,Memphis,Grizzlies,Regular Season,1,1,33.0,12,3,9,7,2,0,1,1,2,5,6,3,0.5,0,0,0.0,6,6,1.0,91,90,0
1626161,2016,21601120,2017-03-29 22:30:00,Sacramento,Kings,Utah,Jazz,Regular Season,1,0,28.0,7,1,8,8,0,0,1,1,0,-13,9,3,0.333,0,0,0.0,2,1,0.5,82,112,0
1626161,2016,21601132,2017-03-31 20:00:00,Sacramento,Kings,New Orleans,Pelicans,Regular Season,0,0,34.0,11,1,14,11,3,0,1,3,2,-12,8,5,0.625,0,0,0.0,2,1,0.5,117,89,0
1626161,2016,21601140,2017-04-01 20:00:00,Sacramento,Kings,Minnesota,Timberwolves,Regular Season,0,1,27.0,15,3,10,8,2,0,2,1,5,-1,9,5,0.556,0,0,0.0,7,5,0.714,117,123,0
1626161,2016,21601163,2017-04-04 22:30:00,Sacramento,Kings,Dallas,Mavericks,Regular Season,1,1,33.0,12,1,16,12,4,0,3,0,2,16,12,6,0.5,0,0,0.0,0,0,0.0,98,87,0
1626161,2016,21601187,2017-04-07 22:30:00,Sacramento,Kings,Los Angeles,Lakers,Regular Season,0,0,22.0,14,0,7,2,5,3,0,1,2,-2,11,6,0.545,0,0,0.0,4,2,0.5,98,94,0
1626161,2016,21601200,2017-04-09 18:00:00,Sacramento,Kings,Houston,Rockets,Regular Season,1,0,25.0,16,0,10,8,2,1,0,0,2,-16,12,6,0.5,0,0,0.0,4,4,1.0,128,135,0
1626161,2016,21601216,2017-04-11 22:30:00,Sacramento,Kings,Phoenix,Suns,Regular Season,1,1,20.0,13,2,5,5,0,0,2,1,2,15,12,6,0.5,0,0,0.0,2,1,0.5,129,104,0
1626161,2016,21601228,2017-04-12 22:30:00,Sacramento,Kings,Los Angeles,Clippers,Regular Season,0,0,35.0,19,6,14,12,2,1,0,2,2,-21,18,9,0.5,0,0,0.0,1,1,1.0,115,95,0
1626161,2017,11700010,2017-10-02 22:00:00,Sacramento,Kings,San Antonio,Spurs,Preseason,1,1,15.0,6,0,3,2,1,1,1,1,6,2,4,2,0.5,0,0,0.0,2,2,1.0,106,96,0
1626161,2017,11700036,2017-10-06 20:30:00,Sacramento,Kings,San Antonio,Spurs,Preseason,0,0,26.0,14,0,9,6,3,0,0,2,2,1,12,7,0.583,0,0,0.0,0,0,0.0,113,93,0
1626161,2017,11700043,2017-10-08 21:00:00,Sacramento,Kings,Los Angeles,Lakers,Preseason,0,0,25.0,4,0,4,4,0,0,0,3,2,-5,4,1,0.25,0,0,0.0,2,2,1.0,75,69,0
1626161,2017,11700053,2017-10-09 22:00:00,Sacramento,Kings,Portland,Trail Blazers,Preseason,1,0,27.0,8,3,8,6,2,0,0,2,4,1,11,3,0.273,0,0,0.0,4,2,0.5,83,97,0
1626161,2017,11700066,2017-10-12 22:30:00,Sacramento,Kings,Los Angeles,Clippers,Preseason,0,0,25.0,10,0,7,7,0,0,1,3,2,-13,11,5,0.455,0,0,0.0,0,0,0.0,104,87,0
1626161,2017,11700077,2017-10-13 22:30:00,Sacramento,Kings,Golden State,Warriors,Preseason,0,0,23.0,10,4,5,4,1,0,1,0,2,-10,10,4,0.4,0,0,0.0,2,2,1.0,117,106,0
1626161,2017,21700013,2017-10-18 22:00:00,Sacramento,Kings,Houston,Rockets,Regular Season,1,0,31.0,21,1,10,6,4,3,0,1,1,1,15,10,0.667,0,0,0.0,2,1,0.5,100,105,0
1626161,2017,21700024,2017-10-20 20:30:00,Sacramento,Kings,Dallas,Mavericks,Regular Season,0,1,26.0,10,1,11,7,4,1,0,0,5,14,7,4,0.571,1,0,0.0,2,2,1.0,88,93,0
1626161,2017,21700035,2017-10-21 21:00:00,Sacramento,Kings,Denver,Nuggets,Regular Season,0,0,26.0,2,1,8,7,1,0,0,0,2,-12,5,1,0.2,0,0,0.0,2,0,0.0,96,79,0
1626161,2017,21700048,2017-10-23 22:00:00,Sacramento,Kings,Phoenix,Suns,Regular Season,0,0,28.0,11,4,4,3,1,0,1,2,4,-9,8,5,0.625,0,0,0.0,3,1,0.333,117,115,0
1626161,2017,21700069,2017-10-26 22:30:00,Sacramento,Kings,New Orleans,Pelicans,Regular Season,1,0,29.0,12,3,2,2,0,0,3,0,0,-11,9,5,0.556,0,0,0.0,2,2,1.0,106,114,0
1626161,2017,21700089,2017-10-29 18:00:00,Sacramento,Kings,Washington,Wizards,Regular Season,1,0,24.0,6,2,9,7,2,0,0,1,1,-27,6,2,0.333,0,0,0.0,2,2,1.0,83,110,0
1626161,2017,21700101,2017-10-31 19:00:00,Sacramento,Kings,Indiana,Pacers,Regular Season,0,0,22.0,4,1,7,5,2,2,2,2,2,-22,3,1,0.333,0,0,0.0,2,2,1.0,101,83,0
1626161,2017,21700109,2017-11-01 19:30:00,Sacramento,Kings,Boston,Celtics,Regular Season,0,0,19.0,2,2,3,2,1,1,0,2,2,-7,4,1,0.25,0,0,0.0,0,0,0.0,113,86,0
1626161,2017,21700132,2017-11-04 19:00:00,Sacramento,Kings,Detroit,Pistons,Regular Season,0,0,19.0,8,4,3,3,0,0,2,1,3,-9,6,4,0.667,0,0,0.0,0,0,0.0,108,99,0
1626161,2017,21700158,2017-11-07 22:00:00,Sacramento,Kings,Oklahoma City,Thunder,Regular Season,1,1,21.0,7,2,5,3,2,2,1,2,2,0,4,2,0.5,0,0,0.0,3,3,1.0,94,86,0
1626161,2017,21700167,2017-11-09 22:00:00,Sacramento,Kings,Philadelphia,76ers,Regular Season,1,1,24.0,15,1,4,3,1,2,0,0,3,-2,11,6,0.545,0,0,0.0,5,3,0.6,109,108,0
1626161,2017,21700179,2017-11-11 20:00:00,Sacramento,Kings,New York,Knicks,Regular Season,0,0,16.0,5,3,3,2,1,0,0,1,5,-13,6,2,0.333,0,0,0.0,2,1,0.5,118,91,0
1626161,2017,21700192,2017-11-13 19:00:00,Sacramento,Kings,Washington,Wizards,Regular Season,0,0,23.0,6,2,6,4,2,2,0,3,2,-11,12,3,0.25,1,0,0.0,0,0,0.0,110,92,0
1626161,2017,21700204,2017-11-15 19:30:00,Sacramento,Kings,Atlanta,Hawks,Regular Season,0,0,20.0,6,3,3,2,1,0,0,2,2,-14,6,2,0.333,0,0,0.0,2,2,1.0,126,80,0
1626161,2017,21700225,2017-11-17 22:00:00,Sacramento,Kings,Portland,Trail Blazers,Regular Season,1,1,31.0,22,2,10,6,4,1,1,1,2,6,17,9,0.529,0,0,0.0,6,4,0.667,86,82,0
1626161,2017,21700234,2017-11-18 22:00:00,Sacramento,Kings,Portland,Trail Blazers,Regular Season,0,0,32.0,18,0,9,7,2,1,3,3,1,-8,13,6,0.462,1,1,1.0,5,5,1.0,102,90,0
1626161,2017,21700251,2017-11-20 22:00:00,Sacramento,Kings,Denver,Nuggets,Regular Season,1,0,22.0,2,0,5,3,2,0,0,1,0,-6,7,1,0.143,0,0,0.0,0,0,0.0,98,114,0
1626161,2017,21700266,2017-11-22 22:30:00,Sacramento,Kings,Los Angeles,Lakers,Regular Season,1,1,28.0,26,1,6,6,0,0,2,2,0,12,14,10,0.714,1,0,0.0,8,6,0.75,113,102,0
1626161,2017,21700286,2017-11-25 22:00:00,Sacramento,Kings,Los Angeles,Clippers,Regular Season,1,0,29.0,9,3,6,4,2,3,2,2,0,3,10,4,0.4,0,0,0.0,1,1,1.0,95,97,0
1626161,2017,21700296,2017-11-27 22:30:00,Sacramento,Kings,Golden State,Warriors,Regular Season,0,1,29.0,19,6,8,5,3,2,1,2,3,4,9,8,0.889,0,0,0.0,4,3,0.75,106,110,0
1626161,2017,21700302,2017-11-28 22:00:00,Sacramento,Kings,Milwaukee,Bucks,Regular Season,1,0,24.0,10,1,10,8,2,0,0,4,4,-13,10,5,0.5,1,0,0.0,2,0,0.0,87,112,0
1626161,2017,21700322,2017-12-01 20:00:00,Sacramento,Kings,Chicago,Bulls,Regular Season,0,1,23.0,10,5,3,1,2,4,0,1,2,-9,9,5,0.556,0,0,0.0,0,0,0.0,106,107,0
1626161,2017,21700331,2017-12-02 20:30:00,Sacramento,Kings,Milwaukee,Bucks,Regular Season,0,0,8.0,3,2,0,0,0,0,0,2,2,-14,3,1,0.333,0,0,0.0,2,1,0.5,109,104,0
1626161,2017,21700403,2017-12-12 22:00:00,Sacramento,Kings,Phoenix,Suns,Regular Season,1,1,29.0,13,2,6,4,2,0,0,0,4,-1,12,5,0.417,0,0,0.0,7,3,0.429,99,92,0
1626161,2017,21700416,2017-12-14 20:00:00,Sacramento,Kings,Minnesota,Timberwolves,Regular Season,0,0,19.0,9,2,3,2,1,1,0,1,2,-16,10,3,0.3,0,0,0.0,4,3,0.75,119,96,0
1626161,2017,21700437,2017-12-17 15:30:00,Sacramento,Kings,Toronto,Raptors,Regular Season,0,0,33.0,12,4,6,6,0,2,0,1,2,-10,9,5,0.556,0,0,0.0,2,2,1.0,108,93,0
1626161,2017,21700451,2017-12-19 19:00:00,Sacramento,Kings,Philadelphia,76ers,Regular Season,0,1,29.0,9,0,6,5,1,1,2,2,2,7,10,3,0.3,0,0,0.0,7,3,0.429,95,101,0
1626161,2017,21700457,2017-12-20 19:30:00,Sacramento,Kings,Brooklyn,Nets,Regular Season,0,1,30.0,13,2,9,7,2,0,0,2,3,2,9,5,0.556,0,0,0.0,4,3,0.75,99,104,0
1626161,2017,21700492,2017-12-23 22:00:00,Sacramento,Kings,San Antonio,Spurs,Regular Season,1,0,31.0,22,3,11,8,3,0,0,1,3,1,18,10,0.556,0,0,0.0,3,2,0.667,99,108,0
1626161,2017,21700505,2017-12-26 22:30:00,Sacramento,Kings,Los Angeles,Clippers,Regular Season,0,0,25.0,17,3,7,6,1,1,3,2,3,-9,10,8,0.8,0,0,0.0,2,1,0.5,122,95,0
1626161,2017,21700513,2017-12-27 22:00:00,Sacramento,Kings,Cleveland,Cavaliers,Regular Season,1,1,35.0,17,4,9,8,1,1,0,0,4,28,14,8,0.571,0,0,0.0,2,1,0.5,109,95,0
1626161,2017,21700527,2017-12-29 22:00:00,Sacramento,Kings,Phoenix,Suns,Regular Season,1,0,30.0,11,3,9,5,4,0,2,0,0,-4,10,4,0.4,0,0,0.0,4,3,0.75,101,111,0
1626161,2017,21700543,2017-12-31 19:00:00,Sacramento,Kings,Memphis,Grizzlies,Regular Season,1,0,28.0,21,1,8,6,2,0,2,2,0,-12,14,8,0.571,0,0,0.0,9,5,0.556,96,114,0
1626161,2017,21700552,2018-01-02 22:00:00,Sacramento,Kings,Charlotte,Hornets,Regular Season,1,0,22.0,8,4,8,6,2,1,0,2,1,-12,7,3,0.429,0,0,0.0,4,2,0.5,111,131,0
1626161,2017,21700585,2018-01-06 22:00:00,Sacramento,Kings,Denver,Nuggets,Regular Season,1,1,25.0,17,2,4,3,1,0,7,0,4,11,12,8,0.667,0,0,0.0,3,1,0.333,106,98,0
1626161,2017,21700596,2018-01-08 22:00:00,Sacramento,Kings,San Antonio,Spurs,Regular Season,1,0,30.0,22,0,9,7,2,0,0,3,2,-11,12,8,0.667,0,0,0.0,8,6,0.75,100,107,0
1626161,2017,21700602,2018-01-09 22:30:00,Sacramento,Kings,Los Angeles,Lakers,Regular Season,0,0,28.0,8,3,4,4,0,0,1,1,2,-23,10,3,0.3,1,0,0.0,6,2,0.333,99,86,0
1626161,2017,21700616,2018-01-11 22:00:00,Sacramento,Kings,Los Angeles,Clippers,Regular Season,1,0,23.0,12,0,7,7,0,1,0,1,2,-2,8,6,0.75,0,0,0.0,0,0,0.0,115,121,0
1626161,2017,21700628,2018-01-13 15:30:00,Sacramento,Kings,Los Angeles,Clippers,Regular Season,0,0,32.0,23,4,13,9,4,1,1,2,5,-6,16,10,0.625,1,1,1.0,4,2,0.5,126,105,0
1626161,2017,21700643,2018-01-15 20:00:00,Sacramento,Kings,Oklahoma City,Thunder,Regular Season,0,0,39.0,15,3,6,5,1,0,3,4,5,4,13,6,0.462,1,0,0.0,6,3,0.5,95,88,0
1626161,2017,21700661,2018-01-17 22:00:00,Sacramento,Kings,Utah,Jazz,Regular Season,1,0,36.0,26,2,10,8,2,1,1,3,3,-8,18,11,0.611,1,0,0.0,6,4,0.667,105,120,0
1626161,2017,21700670,2018-01-19 20:00:00,Sacramento,Kings,Memphis,Grizzlies,Regular Season,0,0,26.0,7,0,11,9,2,0,2,3,3,-3,10,2,0.2,0,0,0.0,4,3,0.75,106,88,0
1626161,2017,21700687,2018-01-22 19:00:00,Sacramento,Kings,Charlotte,Hornets,Regular Season,0,0,37.0,11,1,10,8,2,0,2,0,1,-2,20,5,0.25,1,0,0.0,2,1,0.5,112,107,0
1626161,2017,21700696,2018-01-23 19:00:00,Sacramento,Kings,Orlando,Magic,Regular Season,0,1,32.0,21,4,9,4,5,5,1,1,2,27,18,9,0.5,0,0,0.0,4,3,0.75,99,105,0
1626161,2017,21700710,2018-01-25 19:30:00,Sacramento,Kings,Miami,Heat,Regular Season,0,1,31.0,9,3,4,4,0,2,2,1,3,9,8,3,0.375,0,0,0.0,7,3,0.429,88,89,0
1626161,2017,21700774,2018-02-02 22:30:00,Sacramento,Kings,Golden State,Warriors,Regular Season,1,0,34.0,13,3,6,4,2,1,2,1,1,-14,11,6,0.545,0,0,0.0,2,1,0.5,104,119,0
1626161,2017,21700783,2018-02-03 22:00:00,Sacramento,Kings,Dallas,Mavericks,Regular Season,1,0,31.0,14,1,8,7,1,1,2,2,3,-2,12,7,0.583,0,0,0.0,0,0,0.0,99,106,0
1626161,2017,21700795,2018-02-05 22:00:00,Sacramento,Kings,Chicago,Bulls,Regular Season,1,1,16.0,7,1,6,5,1,0,0,1,5,7,7,3,0.429,0,0,0.0,2,1,0.5,104,98,0
1626161,2017,21700825,2018-02-09 22:30:00,Sacramento,Kings,Portland,Trail Blazers,Regular Season,1,0,30.0,19,3,6,3,3,2,1,2,2,-16,14,8,0.571,0,0,0.0,5,3,0.6,100,118,0
1626161,2017,21700838,2018-02-11 19:00:00,Sacramento,Kings,Minnesota,Timberwolves,Regular Season,0,0,26.0,10,0,7,4,3,0,1,4,3,-6,8,4,0.5,0,0,0.0,3,2,0.667,111,106,0
1626161,2017,21700851,2018-02-13 20:30:00,Sacramento,Kings,Dallas,Mavericks,Regular Season,0,1,28.0,10,1,4,3,1,2,1,0,4,8,8,4,0.5,0,0,0.0,4,2,0.5,109,114,0
1626161,2017,21700860,2018-02-14 20:00:00,Sacramento,Kings,Houston,Rockets,Regular Season,0,0,28.0,12,5,8,5,3,1,1,1,1,-12,16,6,0.375,0,0,0.0,2,0,0.0,100,91,0
1626161,2017,21700871,2018-02-22 22:00:00,Sacramento,Kings,Oklahoma City,Thunder,Regular Season,1,0,22.0,9,0,7,5,2,1,2,0,3,-24,12,4,0.333,0,0,0.0,3,1,0.333,107,110,0
1626161,2017,21700891,2018-02-24 22:00:00,Sacramento,Kings,Los Angeles,Lakers,Regular Season,1,0,37.0,18,1,15,9,6,2,2,2,2,-18,14,6,0.429,0,0,0.0,11,6,0.545,108,113,0
1626161,2017,21700906,2018-02-26 22:00:00,Sacramento,Kings,Minnesota,Timberwolves,Regular Season,1,0,29.0,17,3,5,4,1,0,0,2,6,-6,13,7,0.538,0,0,0.0,3,3,1.0,100,118,0
1626161,2017,21700911,2018-02-27 22:00:00,Sacramento,Kings,Portland,Trail Blazers,Regular Season,0,0,31.0,17,1,10,8,2,1,2,2,3,-2,13,8,0.615,0,0,0.0,1,1,1.0,116,99,0
1626161,2017,21700924,2018-03-01 22:00:00,Sacramento,Kings,Brooklyn,Nets,Regular Season,1,1,34.0,17,7,7,5,2,1,0,1,2,-12,14,7,0.5,0,0,0.0,4,3,0.75,116,111,0
1626161,2017,21700996,2018-03-11 17:00:00,Sacramento,Kings,Denver,Nuggets,Regular Season,0,0,30.0,12,3,8,5,3,0,1,0,2,-8,11,4,0.364,1,1,1.0,4,3,0.75,130,104,0
1626161,2017,21701003,2018-03-12 20:00:00,Sacramento,Kings,Oklahoma City,Thunder,Regular Season,0,0,28.0,9,0,7,3,4,1,1,2,3,4,7,4,0.571,0,0,0.0,2,1,0.5,106,101,0
1626161,2017,21701018,2018-03-14 22:00:00,Sacramento,Kings,Miami,Heat,Regular Season,1,1,36.0,10,3,9,8,1,2,3,2,2,2,10,3,0.3,1,0,0.0,4,4,1.0,123,119,0
1626161,2017,21701033,2018-03-16 22:30:00,Sacramento,Kings,Golden State,Warriors,Regular Season,0,1,26.0,9,2,6,3,3,2,1,1,1,2,7,4,0.571,0,0,0.0,2,1,0.5,93,98,0
1626161,2017,21701043,2018-03-17 21:00:00,Sacramento,Kings,Utah,Jazz,Regular Season,0,0,29.0,9,3,4,4,0,2,2,1,6,-15,9,3,0.333,0,0,0.0,4,3,0.75,103,97,0
1626161,2017,21701057,2018-03-19 22:00:00,Sacramento,Kings,Detroit,Pistons,Regular Season,1,0,30.0,9,5,6,5,1,0,0,1,3,-11,8,4,0.5,0,0,0.0,2,1,0.5,90,106,0
1626161,2017,21701077,2018-03-22 22:00:00,Sacramento,Kings,Atlanta,Hawks,Regular Season,1,1,19.0,2,3,6,5,1,0,0,1,1,-7,5,1,0.2,0,0,0.0,0,0,0.0,105,90,0
1626161,2017,21701099,2018-03-25 18:00:00,Sacramento,Kings,Boston,Celtics,Regular Season,1,0,32.0,14,4,6,4,2,0,0,2,2,-11,14,4,0.286,0,0,0.0,6,6,1.0,93,104,0
1626161,2017,21701113,2018-03-27 22:00:00,Sacramento,Kings,Dallas,Mavericks,Regular Season,1,0,24.0,13,2,6,5,1,0,4,3,3,-4,5,5,1.0,0,0,0.0,6,3,0.5,97,103,0
1626161,2017,21701127,2018-03-29 22:00:00,Sacramento,Kings,Indiana,Pacers,Regular Season,1,0,26.0,19,5,7,5,2,1,0,3,3,-6,11,9,0.818,0,0,0.0,1,1,1.0,103,106,0
1626161,2017,21701142,2018-03-31 22:00:00,Sacramento,Kings,Golden State,Warriors,Regular Season,1,0,24.0,12,0,9,6,3,1,0,1,4,-9,11,6,0.545,0,0,0.0,0,0,0.0,96,112,0
1626161,2017,21701155,2018-04-01 21:30:00,Sacramento,Kings,Los Angeles,Lakers,Regular Season,0,1,19.0,11,4,7,6,1,0,0,3,5,5,8,5,0.625,0,0,0.0,3,1,0.333,83,84,0
1626161,2017,21701167,2018-04-03 22:00:00,Sacramento,Kings,Phoenix,Suns,Regular Season,0,0,37.0,18,3,7,5,2,2,1,1,4,1,17,8,0.471,0,0,0.0,6,2,0.333,97,94,0
1626161,2017,21701188,2018-04-06 20:00:00,Sacramento,Kings,Memphis,Grizzlies,Regular Season,0,1,32.0,18,3,8,8,0,2,2,1,2,2,14,9,0.643,0,0,0.0,0,0,0.0,93,94,0
1626161,2017,21701210,2018-04-09 20:30:00,Sacramento,Kings,San Antonio,Spurs,Regular Season,0,0,37.0,25,2,10,8,2,1,0,1,4,3,20,10,0.5,0,0,0.0,8,5,0.625,98,85,0
1626161,2017,21701230,2018-04-11 22:30:00,Sacramento,Kings,Houston,Rockets,Regular Season,1,1,30.0,22,4,11,10,1,0,1,1,1,3,12,9,0.75,0,0,0.0,6,4,0.667,96,83,0
1626161,2018,11800015,2018-10-01 22:00:00,Sacramento,Kings,Phoenix,Suns,Preseason,0,1,0.0,0,0,0,0,0,0,0,0,0,0,0,0,,0,0,,0,0,,102,106,0
1626161,2018,11800027,2018-10-04 22:30:00,Sacramento,Kings,Los Angeles,Lakers,Preseason,0,0,15.0,4,2,3,2,1,0,2,0,2,7,5,2,0.4,0,0,0.0,1,0,0.0,128,123,0
1626161,2018,11800039,2018-10-05 22:30:00,Sacramento,Kings,Golden State,Warriors,Preseason,0,0,0.0,0,0,0,0,0,0,0,0,0,0,0,0,,0,0,,0,0,,122,94,0
1626161,2018,11800068,2018-10-11 22:00:00,Sacramento,Kings,Utah,Jazz,Preseason,1,0,19.0,16,0,2,2,0,0,2,2,4,-7,10,6,0.6,0,0,0.0,6,4,0.667,93,132,0
1626161,2018,11800078,2018-10-12 22:00:00,Sacramento,Kings,Portland,Trail Blazers,Preseason,0,0,20.0,14,0,2,2,0,1,1,0,3,6,8,5,0.625,0,0,0.0,4,4,1.0,118,115,0
1626161,2018,21800011,2018-10-17 22:00:00,Sacramento,Kings,Utah,Jazz,Regular Season,1,0,38.0,23,4,7,5,2,2,1,0,2,17,15,10,0.667,0,0,0.0,6,3,0.5,117,123,0
1626161,2018,21800022,2018-10-19 20:00:00,Sacramento,Kings,New Orleans,Pelicans,Regular Season,0,0,25.0,20,1,7,5,2,0,0,1,4,-4,14,9,0.643,0,0,0.0,3,2,0.667,149,129,0
1626161,2018,21800037,2018-10-21 19:00:00,Sacramento,Kings,Oklahoma City,Thunder,Regular Season,0,1,22.0,13,2,7,3,4,0,1,1,4,5,11,6,0.545,0,0,0.0,2,1,0.5,120,131,0
1626161,2018,21800051,2018-10-23 21:00:00,Sacramento,Kings,Denver,Nuggets,Regular Season,0,0,23.0,11,3,6,3,3,0,1,0,1,-4,7,5,0.714,0,0,0.0,2,1,0.5,126,112,0
1626161,2018,21800061,2018-10-24 22:00:00,Sacramento,Kings,Memphis,Grizzlies,Regular Season,1,1,35.0,15,2,10,5,5,0,2,2,2,11,14,6,0.429,0,0,0.0,5,3,0.6,97,92,0
1626161,2018,21800073,2018-10-26 22:00:00,Sacramento,Kings,Washington,Wizards,Regular Season,1,1,32.0,17,7,11,8,3,0,2,3,1,15,15,7,0.467,0,0,0.0,6,3,0.5,116,112,0
1626161,2018,21800089,2018-10-29 19:30:00,Sacramento,Kings,Miami,Heat,Regular Season,0,1,33.0,26,1,13,11,2,1,0,0,4,23,17,11,0.647,0,0,0.0,7,4,0.571,113,123,0
1626161,2018,21800098,2018-10-30 19:00:00,Sacramento,Kings,Orlando,Magic,Regular Season,0,1,29.0,14,1,11,9,2,0,1,1,3,13,15,6,0.4,0,0,0.0,4,2,0.5,99,107,0
1626161,2018,21800114,2018-11-01 19:30:00,Sacramento,Kings,Atlanta,Hawks,Regular Season,0,1,25.0,12,0,6,5,1,0,3,2,3,23,8,6,0.75,0,0,0.0,1,0,0.0,115,146,0
1626161,2018,21800133,2018-11-04 15:30:00,Sacramento,Kings,Milwaukee,Bucks,Regular Season,0,0,18.0,6,1,4,3,1,2,1,3,5,-19,3,2,0.667,0,0,0.0,6,2,0.333,144,109,0
1626161,2018,21800161,2018-11-07 22:00:00,Sacramento,Kings,Toronto,Raptors,Regular Season,1,0,33.0,24,4,8,8,0,1,1,1,2,-1,15,10,0.667,0,0,0.0,5,4,0.8,105,114,0
1626161,2018,21800173,2018-11-09 22:00:00,Sacramento,Kings,Minnesota,Timberwolves,Regular Season,1,1,28.0,25,1,5,2,3,0,0,1,5,0,16,11,0.688,1,1,1.0,4,2,0.5,121,110,0
1626161,2018,21800183,2018-11-10 22:00:00,Sacramento,Kings,Los Angeles,Lakers,Regular Season,1,0,25.0,12,0,12,8,4,1,1,4,5,-7,14,6,0.429,0,0,0.0,0,0,0.0,86,101,0
1626161,2018,21800197,2018-11-12 22:00:00,Sacramento,Kings,San Antonio,Spurs,Regular Season,1,1,32.0,13,3,13,13,0,0,1,0,3,7,14,6,0.429,0,0,0.0,2,1,0.5,104,99,0
1626161,2018,21800220,2018-11-16 20:00:00,Sacramento,Kings,Memphis,Grizzlies,Regular Season,0,0,34.0,11,2,8,4,4,0,3,2,5,-1,9,5,0.556,0,0,0.0,3,1,0.333,112,104,0
1626161,2018,21800231,2018-11-17 20:00:00,Sacramento,Kings,Houston,Rockets,Regular Season,0,0,18.0,3,3,5,3,2,1,0,1,2,-7,9,1,0.111,0,0,0.0,2,1,0.5,132,112,0
1626161,2018,21800247,2018-11-19 22:00:00,Sacramento,Kings,Oklahoma City,Thunder,Regular Season,1,1,31.0,9,5,14,10,4,0,0,2,1,8,14,4,0.286,0,0,0.0,2,1,0.5,117,113,0
1626161,2018,21800263,2018-11-21 21:00:00,Sacramento,Kings,Utah,Jazz,Regular Season,0,1,34.0,23,1,7,7,0,0,2,0,6,7,15,11,0.733,0,0,0.0,4,1,0.25,110,119,0
1626161,2018,21800285,2018-11-24 20:30:00,Sacramento,Kings,Golden State,Warriors,Regular Season,0,0,19.0,6,1,4,2,2,1,1,0,4,-11,9,3,0.333,0,0,0.0,2,0,0.0,117,116,0
1626161,2018,21800292,2018-11-25 20:00:00,Sacramento,Kings,Utah,Jazz,Regular Season,1,0,23.0,6,2,4,4,0,1,0,1,3,-2,6,2,0.333,0,0,0.0,2,2,1.0,112,133,0
1626161,2018,21800318,2018-11-29 22:30:00,Sacramento,Kings,Los Angeles,Clippers,Regular Season,1,0,30.0,17,1,10,8,2,0,1,3,4,-13,13,8,0.615,0,0,0.0,4,1,0.25,121,133,0
1626161,2018,21800336,2018-12-01 22:00:00,Sacramento,Kings,Indiana,Pacers,Regular Season,1,1,33.0,17,3,13,7,6,0,1,3,2,-5,13,8,0.615,0,0,0.0,4,1,0.25,111,110,0
1626161,2018,21800353,2018-12-04 21:00:00,Sacramento,Kings,Phoenix,Suns,Regular Season,0,1,18.0,6,5,4,3,1,0,4,2,4,14,5,3,0.6,0,0,0.0,0,0,0.0,105,122,0
1626161,2018,21800372,2018-12-07 19:30:00,Sacramento,Kings,Cleveland,Cavaliers,Regular Season,0,1,26.0,10,3,6,4,2,0,2,1,3,18,5,5,1.0,0,0,0.0,2,0,0.0,110,129,0
1626161,2018,21800379,2018-12-08 19:00:00,Sacramento,Kings,Indiana,Pacers,Regular Season,0,0,30.0,14,2,9,6,3,2,1,2,1,-15,14,6,0.429,0,0,0.0,2,2,1.0,107,97,0
1626161,2018,21800394,2018-12-10 20:00:00,Sacramento,Kings,Chicago,Bulls,Regular Season,0,1,27.0,11,3,16,12,4,0,3,1,3,10,11,5,0.455,0,0,0.0,1,1,1.0,89,108,0
1626161,2018,21800414,2018-12-12 22:00:00,Sacramento,Kings,Minnesota,Timberwolves,Regular Season,1,1,29.0,14,3,8,6,2,2,1,1,5,2,9,5,0.556,0,0,0.0,9,4,0.444,141,130,0
1626161,2018,21800428,2018-12-14 22:00:00,Sacramento,Kings,Golden State,Warriors,Regular Season,1,0,33.0,22,3,11,9,2,1,0,0,5,-17,11,7,0.636,0,0,0.0,11,8,0.727,125,130,0
1626161,2018,21800440,2018-12-16 19:00:00,Sacramento,Kings,Dallas,Mavericks,Regular Season,0,1,32.0,12,3,8,5,3,1,1,1,5,0,10,4,0.4,0,0,0.0,4,4,1.0,113,120,0
1626161,2018,21800446,2018-12-17 20:00:00,Sacramento,Kings,Minnesota,Timberwolves,Regular Season,0,0,7.0,1,1,0,0,0,0,1,0,1,-5,0,0,0.0,0,0,0.0,2,1,0.5,132,105,0
1626161,2018,21800466,2018-12-19 22:00:00,Sacramento,Kings,Oklahoma City,Thunder,Regular Season,1,0,31.0,13,4,7,6,1,0,2,2,1,-21,9,6,0.667,0,0,0.0,2,1,0.5,113,132,0
1626161,2018,21800477,2018-12-21 22:00:00,Sacramento,Kings,Memphis,Grizzlies,Regular Season,1,1,36.0,12,4,13,10,3,0,1,0,0,3,9,5,0.556,0,0,0.0,3,2,0.667,102,99,0
1626161,2018,21800492,2018-12-23 18:00:00,Sacramento,Kings,New Orleans,Pelicans,Regular Season,1,1,35.0,22,2,17,13,4,1,3,1,2,14,19,10,0.526,0,0,0.0,4,2,0.5,122,117,0
1626161,2018,21800511,2018-12-26 22:30:00,Sacramento,Kings,Los Angeles,Clippers,Regular Season,0,0,22.0,11,1,5,5,0,2,0,1,3,-11,8,5,0.625,0,0,0.0,2,1,0.5,127,118,0
1626161,2018,21800514,2018-12-27 22:00:00,Sacramento,Kings,Los Angeles,Lakers,Regular Season,1,1,34.0,19,5,9,8,1,1,0,1,4,14,15,9,0.6,0,0,0.0,2,1,0.5,117,116,0
1626161,2018,21800541,2018-12-30 21:30:00,Sacramento,Kings,Los Angeles,Lakers,Regular Season,0,0,32.0,11,2,12,10,2,3,0,2,1,-6,10,5,0.5,0,0,0.0,1,1,1.0,121,114,0
1626161,2018,21800552,2019-01-01 21:00:00,Sacramento,Kings,Portland,Trail Blazers,Regular Season,1,0,32.0,5,3,11,6,5,0,1,0,1,2,14,2,0.143,0,0,0.0,2,1,0.5,108,113,0
1626161,2018,21800564,2019-01-03 22:00:00,Sacramento,Kings,Denver,Nuggets,Regular Season,1,0,29.0,13,3,6,6,0,0,0,1,4,-6,10,5,0.5,0,0,0.0,4,3,0.75,113,117,0
1626161,2018,21800583,2019-01-05 22:00:00,Sacramento,Kings,Golden State,Warriors,Regular Season,1,0,31.0,14,6,13,8,5,0,2,1,3,-2,13,6,0.462,0,0,0.0,4,2,0.5,123,127,0
1626161,2018,21800598,2019-01-07 22:00:00,Sacramento,Kings,Orlando,Magic,Regular Season,1,1,17.0,11,2,11,9,2,0,0,2,2,10,11,5,0.455,0,0,0.0,2,1,0.5,111,95,0
1626161,2018,21800604,2019-01-08 21:00:00,Sacramento,Kings,Phoenix,Suns,Regular Season,0,0,31.0,15,3,7,6,1,3,3,0,2,-5,11,6,0.545,0,0,0.0,8,3,0.375,115,111,0
1626161,2018,21800620,2019-01-10 22:00:00,Sacramento,Kings,Detroit,Pistons,Regular Season,1,1,25.0,14,5,14,9,5,2,0,3,4,17,10,5,0.5,0,0,0.0,6,4,0.667,112,102,0
1626161,2018,21800636,2019-01-12 22:00:00,Sacramento,Kings,Charlotte,Hornets,Regular Season,1,1,31.0,12,4,12,8,4,1,2,1,5,-2,11,6,0.545,0,0,0.0,0,0,0.0,104,97,0
1626161,2018,21800649,2019-01-14 22:00:00,Sacramento,Kings,Portland,Trail Blazers,Regular Season,1,1,29.0,12,3,8,6,2,0,2,3,1,3,10,4,0.4,0,0,0.0,4,4,1.0,115,107,0
1626161,2018,21800666,2019-01-17 19:00:00,Sacramento,Kings,Charlotte,Hornets,Regular Season,0,0,27.0,8,4,11,5,6,1,3,2,2,-4,6,4,0.667,0,0,0.0,0,0,0.0,114,95,0
1626161,2018,21800680,2019-01-19 19:00:00,Sacramento,Kings,Detroit,Pistons,Regular Season,0,1,24.0,12,2,6,3,3,0,0,0,4,13,8,6,0.75,0,0,0.0,1,0,0.0,101,103,0
1626161,2018,21800696,2019-01-21 15:30:00,Sacramento,Kings,Brooklyn,Nets,Regular Season,0,0,27.0,12,2,6,4,2,0,0,0,3,-20,8,6,0.75,0,0,0.0,1,0,0.0,123,94,0
1626161,2018,21800702,2019-01-22 19:00:00,Sacramento,Kings,Toronto,Raptors,Regular Season,0,0,24.0,10,2,6,5,1,0,0,0,5,-6,5,4,0.8,0,0,0.0,2,2,1.0,120,105,0
1626161,2018,21800725,2019-01-25 20:00:00,Sacramento,Kings,Memphis,Grizzlies,Regular Season,0,1,30.0,11,2,6,2,4,1,5,1,5,6,9,5,0.556,0,0,0.0,1,1,1.0,96,99,0
1626161,2018,21800736,2019-01-27 15:30:00,Sacramento,Kings,Los Angeles,Clippers,Regular Season,0,0,31.0,9,3,12,9,3,0,2,1,4,3,5,2,0.4,1,0,0.0,6,5,0.833,122,108,0
1626161,2018,21800762,2019-01-30 22:00:00,Sacramento,Kings,Atlanta,Hawks,Regular Season,1,1,20.0,9,3,5,3,2,0,0,3,4,-6,3,3,1.0,0,0,0.0,4,3,0.75,135,113,0
1626161,2018,21800785,2019-02-02 22:00:00,Sacramento,Kings,Philadelphia,76ers,Regular Season,1,1,32.0,19,3,9,6,3,0,2,2,2,7,9,8,0.889,0,0,0.0,5,3,0.6,115,108,0
1626161,2018,21800795,2019-02-04 22:00:00,Sacramento,Kings,San Antonio,Spurs,Regular Season,1,1,28.0,9,1,4,2,2,0,1,0,5,11,7,3,0.429,0,0,0.0,6,3,0.5,127,112,0
1626161,2018,21800809,2019-02-06 22:00:00,Sacramento,Kings,Houston,Rockets,Regular Season,1,0,21.0,3,2,6,4,2,0,0,1,0,-16,5,1,0.2,0,0,0.0,4,1,0.25,101,127,0
1626161,2018,21800824,2019-02-08 22:00:00,Sacramento,Kings,Miami,Heat,Regular Season,1,1,24.0,7,1,7,7,0,3,1,0,2,6,5,3,0.6,0,0,0.0,3,1,0.333,102,96,0
1626161,2018,21800836,2019-02-10 18:00:00,Sacramento,Kings,Phoenix,Suns,Regular Season,1,1,26.0,10,2,8,5,3,5,1,1,2,12,5,3,0.6,0,0,0.0,10,4,0.4,117,104,0
1626161,2018,21800860,2019-02-13 21:00:00,Sacramento,Kings,Denver,Nuggets,Regular Season,0,0,21.0,8,3,7,4,3,0,5,1,5,2,5,3,0.6,0,0,0.0,2,2,1.0,120,118,0
1626161,2018,21800871,2019-02-21 22:30:00,Sacramento,Kings,Golden State,Warriors,Regular Season,0,0,27.0,10,1,5,3,2,0,3,1,3,-3,6,4,0.667,0,0,0.0,4,2,0.5,125,123,0
1626161,2018,21800890,2019-02-23 20:00:00,Sacramento,Kings,Oklahoma City,Thunder,Regular Season,0,1,29.0,10,2,11,10,1,0,1,0,2,-6,9,5,0.556,0,0,0.0,0,0,0.0,116,119,0
1626161,2018,21800905,2019-02-25 20:00:00,Sacramento,Kings,Minnesota,Timberwolves,Regular Season,0,0,12.0,4,0,1,0,1,0,0,1,5,-20,4,2,0.5,0,0,0.0,0,0,0.0,112,105,0
1626161,2018,21800920,2019-02-27 22:00:00,Sacramento,Kings,Milwaukee,Bucks,Regular Season,1,0,32.0,10,1,9,7,2,1,0,1,2,6,10,4,0.4,0,0,0.0,5,2,0.4,140,141,0
1626161,2018,21800933,2019-03-01 22:00:00,Sacramento,Kings,Los Angeles,Clippers,Regular Season,1,0,31.0,16,1,12,10,2,4,0,1,2,-12,11,7,0.636,0,0,0.0,4,2,0.5,109,116,0
1626161,2018,21800957,2019-03-04 22:00:00,Sacramento,Kings,New York,Knicks,Regular Season,1,1,25.0,9,5,7,6,1,0,2,0,2,5,8,3,0.375,0,0,0.0,5,3,0.6,115,108,0
1626161,2018,21800973,2019-03-06 22:00:00,Sacramento,Kings,Boston,Celtics,Regular Season,1,0,26.0,19,3,7,7,0,0,2,2,1,-4,9,8,0.889,0,0,0.0,4,3,0.75,109,111,0
1626161,2018,21800986,2019-03-09 12:00:00,Sacramento,Kings,New York,Knicks,Regular Season,0,1,28.0,7,1,12,9,3,0,0,0,1,4,7,3,0.429,0,0,0.0,2,1,0.5,94,102,0
1626161,2018,21801002,2019-03-11 19:00:00,Sacramento,Kings,Washington,Wizards,Regular Season,0,0,26.0,10,2,8,6,2,1,1,0,2,-4,9,5,0.556,0,0,0.0,2,0,0.0,121,115,0
1626161,2018,21801022,2019-03-14 19:30:00,Sacramento,Kings,Boston,Celtics,Regular Season,0,0,28.0,10,4,13,9,4,0,1,0,2,7,7,5,0.714,0,0,0.0,2,0,0.0,126,120,0
1626161,2018,21801027,2019-03-15 19:00:00,Sacramento,Kings,Philadelphia,76ers,Regular Season,0,0,29.0,13,2,7,6,1,0,0,0,3,-21,7,6,0.857,0,0,0.0,2,1,0.5,123,114,0
1626161,2018,21801047,2019-03-17 18:00:00,Sacramento,Kings,Chicago,Bulls,Regular Season,1,1,19.0,9,5,7,4,3,0,1,2,2,13,7,4,0.571,0,0,0.0,2,1,0.5,129,102,0
1626161,2018,21801063,2019-03-19 22:00:00,Sacramento,Kings,Brooklyn,Nets,Regular Season,1,0,19.0,7,3,9,6,3,0,2,1,1,-1,6,3,0.5,0,0,0.0,2,1,0.5,121,123,0
1626161,2018,21801078,2019-03-21 22:00:00,Sacramento,Kings,Dallas,Mavericks,Regular Season,1,1,31.0,10,3,18,15,3,0,2,1,1,14,8,5,0.625,0,0,0.0,1,0,0.0,116,100,0
1626161,2018,21801094,2019-03-23 22:00:00,Sacramento,Kings,Phoenix,Suns,Regular Season,1,1,17.0,3,1,0,0,0,1,1,2,3,-8,1,1,1.0,0,0,0.0,2,1,0.5,112,103,0
1626161,2018,21801102,2019-03-24 21:30:00,Sacramento,Kings,Los Angeles,Lakers,Regular Season,0,0,17.0,10,1,9,6,3,1,2,0,3,-9,8,5,0.625,0,0,0.0,2,0,0.0,111,106,0
1626161,2018,21801114,2019-03-26 20:30:00,Sacramento,Kings,Dallas,Mavericks,Regular Season,0,1,29.0,16,2,7,6,1,0,1,0,2,17,8,7,0.875,0,0,0.0,2,2,1.0,121,125,0
1626161,2018,21801128,2019-03-28 20:00:00,Sacramento,Kings,New Orleans,Pelicans,Regular Season,0,0,34.0,18,4,12,10,2,2,0,0,3,6,9,7,0.778,0,0,0.0,4,4,1.0,121,118,0
1626161,2018,21801138,2019-03-30 18:00:00,Sacramento,Kings,Houston,Rockets,Regular Season,0,0,24.0,6,1,7,5,2,0,0,1,3,-12,6,3,0.5,0,0,0.0,2,0,0.0,119,108,0
1626161,2018,21801149,2019-03-31 19:00:00,Sacramento,Kings,San Antonio,Spurs,Regular Season,0,1,29.0,17,0,6,5,1,0,2,2,4,-4,9,6,0.667,0,0,0.0,5,5,1.0,106,113,0
1626161,2018,21801163,2019-04-02 22:00:00,Sacramento,Kings,Houston,Rockets,Regular Season,1,0,20.0,2,0,5,5,0,0,0,0,0,-12,7,1,0.143,0,0,0.0,0,0,0.0,105,130,0
1626161,2018,21801178,2019-04-04 22:00:00,Sacramento,Kings,Cleveland,Cavaliers,Regular Season,1,1,30.0,8,2,9,8,1,1,2,0,2,10,4,4,1.0,0,0,0.0,0,0,0.0,117,104,0
1626161,2018,21801207,2019-04-07 21:00:00,Sacramento,Kings,New Orleans,Pelicans,Regular Season,1,0,19.0,9,2,7,4,3,1,1,0,2,-8,7,3,0.429,0,0,0.0,4,3,0.75,129,133,0
1626161,2018,21801230,2019-04-10 22:30:00,Sacramento,Kings,Portland,Trail Blazers,Regular Season,0,0,17.0,8,0,5,3,2,0,0,0,2,16,3,3,1.0,0,0,0.0,2,2,1.0,136,131,0
1626161,2019,11900006,2019-10-05 20:00:00,Golden State,Warriors,Los Angeles,Lakers,Preseason,1,0,0.0,0,0,0,0,0,0,0,0,0,0,0,0,0.0,0,0,0.0,0,0,0.0,101,123,0
1626161,2019,11900035,2019-10-10 22:30:00,Golden State,Warriors,Minnesota,Timberwolves,Preseason,1,1,0.0,0,0,0,0,0,0,0,0,0,0,0,0,0.0,0,0,0.0,0,0,0.0,143,123,0
1626161,2019,11900058,2019-10-14 22:30:00,Golden State,Warriors,Los Angeles,Lakers,Preseason,0,0,0.0,0,0,0,0,0,0,0,0,0,0,0,0,0.0,0,0,0.0,0,0,0.0,104,98,0
1626161,2019,11900068,2019-10-16 22:30:00,Golden State,Warriors,Los Angeles,Lakers,Preseason,0,0,0.0,0,0,0,0,0,0,0,0,0,0,0,0,0.0,0,0,0.0,0,0,0.0,126,93,0
1626161,2019,11900079,2019-10-18 22:30:00,Golden State,Warriors,Los Angeles,Lakers,Preseason,1,1,0.0,0,0,0,0,0,0,0,0,0,0,0,0,0.0,0,0,0.0,0,0,0.0,124,103,0
1626161,2019,21900065,2019-10-30 22:30:00,Golden State,Warriors,Phoenix,Suns,Regular Season,1,0,12.0,12,1,5,3,2,1,0,0,3,-6,5,5,1.0,0,0,0.0,2,2,1.0,110,121,0
1626161,2019,21900076,2019-11-01 22:30:00,Golden State,Warriors,San Antonio,Spurs,Regular Season,1,0,17.0,6,0,5,5,0,0,1,0,2,-4,7,3,0.429,0,0,0.0,0,0,0.0,110,127,0
1626161,2019,21900083,2019-11-02 20:30:00,Golden State,Warriors,Charlotte,Hornets,Regular Season,1,0,21.0,8,2,8,8,0,1,1,0,3,6,7,4,0.571,0,0,0.0,0,0,0.0,87,93,0
1626161,2019,21900096,2019-11-04 22:30:00,Golden State,Warriors,Portland,Trail Blazers,Regular Season,1,1,15.0,10,2,3,2,1,0,2,1,3,7,5,4,0.8,0,0,0.0,2,2,1.0,127,118,0
1626161,2019,21900107,2019-11-06 19:30:00,Golden State,Warriors,Houston,Rockets,Regular Season,0,0,19.0,4,2,4,1,3,0,0,0,3,-18,6,1,0.167,0,0,0.0,2,2,1.0,129,112,0
1626161,2019,21900120,2019-11-08 20:00:00,Golden State,Warriors,Minnesota,Timberwolves,Regular Season,0,0,24.0,4,0,8,6,2,3,1,2,2,-4,5,2,0.4,0,0,0.0,0,0,0.0,125,119,0
1626161,2019,21900131,2019-11-09 20:00:00,Golden State,Warriors,Oklahoma City,Thunder,Regular Season,0,0,23.0,10,0,6,6,0,3,0,3,5,-11,9,5,0.556,0,0,0.0,0,0,0.0,114,108,0
1626161,2019,21900144,2019-11-11 22:30:00,Golden State,Warriors,Utah,Jazz,Regular Season,1,0,26.0,8,2,11,10,1,1,2,1,5,-7,7,4,0.571,0,0,0.0,2,0,0.0,108,122,0
1626161,2019,21900159,2019-11-13 22:00:00,Golden State,Warriors,Los Angeles,Lakers,Regular Season,0,0,22.0,10,3,5,2,3,2,0,0,3,-14,7,5,0.714,0,0,0.0,0,0,0.0,120,94,0
1626161,2019,21900173,2019-11-15 22:30:00,Golden State,Warriors,Boston,Celtics,Regular Season,1,0,25.0,10,2,8,7,1,1,1,1,0,6,6,5,0.833,0,0,0.0,0,0,0.0,100,105,0
1626161,2019,21900187,2019-11-17 19:00:00,Golden State,Warriors,New Orleans,Pelicans,Regular Season,0,0,24.0,9,1,4,4,0,1,3,0,3,-6,5,4,0.8,0,0,0.0,1,1,1.0,108,100,0
1626161,2019,21900198,2019-11-19 20:00:00,Golden State,Warriors,Memphis,Grizzlies,Regular Season,0,1,26.0,6,4,10,8,2,1,2,1,2,4,3,2,0.667,0,0,0.0,2,2,1.0,95,114,0
1626161,2019,21900208,2019-11-20 19:30:00,Golden State,Warriors,Dallas,Mavericks,Regular Season,0,0,25.0,7,1,4,4,0,2,1,0,1,-34,7,3,0.429,0,0,0.0,2,1,0.5,142,94,0
1626161,2019,21900223,2019-11-22 21:00:00,Golden State,Warriors,Utah,Jazz,Regular Season,0,0,28.0,2,4,4,4,0,1,1,3,4,2,4,1,0.25,0,0,0.0,0,0,0.0,113,109,0
1626161,2019,21900250,2019-11-25 22:30:00,Golden State,Warriors,Oklahoma City,Thunder,Regular Season,1,0,29.0,4,1,6,4,2,0,2,0,3,-10,7,2,0.286,0,0,0.0,0,0,0.0,97,100,0
1626161,2019,21900266,2019-11-27 22:30:00,Golden State,Warriors,Chicago,Bulls,Regular Season,1,1,16.0,3,3,9,6,3,1,1,3,1,1,5,0,0.0,0,0,0.0,4,3,0.75,104,90,0
1626161,2019,21900273,2019-11-29 20:00:00,Golden State,Warriors,Miami,Heat,Regular Season,0,0,24.0,14,0,6,4,2,1,0,1,6,-12,10,7,0.7,0,0,0.0,0,0,0.0,122,105,0
1626161,2019,21900290,2019-12-01 18:00:00,Golden State,Warriors,Orlando,Magic,Regular Season,0,0,24.0,11,3,12,8,4,1,1,1,3,-11,10,5,0.5,0,0,0.0,2,1,0.5,100,96,0
1626161,2019,21900295,2019-12-02 19:30:00,Golden State,Warriors,Atlanta,Hawks,Regular Season,0,0,19.0,4,0,4,4,0,2,2,1,5,-8,4,2,0.5,0,0,0.0,0,0,0.0,104,79,0
1626161,2019,21900306,2019-12-04 19:00:00,Golden State,Warriors,Charlotte,Hornets,Regular Season,0,0,17.0,8,0,7,5,2,2,1,1,1,-8,4,3,0.75,0,0,0.0,4,2,0.5,106,91,0
1626161,2019,21900325,2019-12-06 20:00:00,Golden State,Warriors,Chicago,Bulls,Regular Season,0,1,24.0,10,2,7,4,3,1,0,1,3,6,8,5,0.625,0,0,0.0,2,0,0.0,98,100,0
1626161,2019,21900351,2019-12-09 22:30:00,Golden State,Warriors,Memphis,Grizzlies,Regular Season,1,0,24.0,17,2,8,6,2,2,1,1,2,-8,9,6,0.667,0,0,0.0,6,5,0.833,102,110,0
1626161,2019,21900366,2019-12-11 22:30:00,Golden State,Warriors,New York,Knicks,Regular Season,1,0,22.0,7,0,5,3,2,3,0,0,2,5,7,3,0.429,0,0,0.0,2,1,0.5,122,124,0
1626161,2019,21900379,2019-12-13 21:00:00,Golden State,Warriors,Utah,Jazz,Regular Season,0,0,23.0,0,1,5,3,2,3,2,1,5,-11,4,0,0.0,0,0,0.0,0,0,0.0,114,106,0
1626161,2019,21900393,2019-12-15 20:30:00,Golden State,Warriors,Sacramento,Kings,Regular Season,1,0,29.0,14,2,5,5,0,0,6,3,2,1,9,7,0.778,0,0,0.0,1,0,0.0,79,100,0
1626161,2019,21900415,2019-12-18 22:00:00,Golden State,Warriors,Portland,Trail Blazers,Regular Season,0,0,22.0,12,1,7,4,3,0,1,1,3,-7,8,6,0.75,0,0,0.0,2,0,0.0,122,112,0
1626161,2019,21900429,2019-12-20 22:30:00,Golden State,Warriors,New Orleans,Pelicans,Regular Season,1,1,27.0,8,2,7,5,2,3,0,1,3,-4,6,3,0.5,0,0,0.0,2,2,1.0,106,102,0
1626161,2019,21900454,2019-12-23 22:30:00,Golden State,Warriors,Minnesota,Timberwolves,Regular Season,1,1,30.0,12,1,7,5,2,3,2,0,2,25,8,6,0.75,0,0,0.0,0,0,0.0,113,104,0
1626161,2019,21900457,2019-12-25 17:00:00,Golden State,Warriors,Houston,Rockets,Regular Season,1,1,31.0,10,0,4,4,0,4,2,1,0,29,7,5,0.714,0,0,0.0,0,0,0.0,116,104,0
1626161,2019,21900471,2019-12-27 22:30:00,Golden State,Warriors,Phoenix,Suns,Regular Season,1,1,25.0,9,1,4,2,2,0,2,0,3,12,6,4,0.667,0,0,0.0,3,1,0.333,105,96,0
1626161,2019,21900482,2019-12-28 20:30:00,Golden State,Warriors,Dallas,Mavericks,Regular Season,1,0,18.0,4,1,5,4,1,1,0,2,3,-6,5,2,0.4,0,0,0.0,0,0,0.0,121,141,0
1626161,2019,21900532,2020-01-04 20:30:00,Golden State,Warriors,Detroit,Pistons,Regular Season,1,0,14.0,5,0,3,2,1,0,0,1,1,-15,5,2,0.4,0,0,0.0,2,1,0.5,104,111,0
1626161,2019,21900547,2020-01-06 22:00:00,Golden State,Warriors,Sacramento,Kings,Regular Season,0,0,26.0,8,5,9,3,6,1,2,0,0,-10,8,4,0.5,0,0,0.0,0,0,0.0,111,98,0
1626161,2019,21900562,2020-01-08 22:00:00,Golden State,Warriors,Milwaukee,Bucks,Regular Season,1,0,20.0,10,0,11,9,2,0,0,0,3,-3,6,4,0.667,0,0,0.0,2,2,1.0,98,107,0
1626161,2019,21900576,2020-01-10 22:30:00,Golden State,Warriors,Los Angeles,Clippers,Regular Season,0,0,16.0,4,1,7,5,2,0,0,0,1,1,3,2,0.667,0,0,0.0,2,0,0.0,109,100,0
1626161,2019,21900588,2020-01-12 18:00:00,Golden State,Warriors,Memphis,Grizzlies,Regular Season,0,0,16.0,1,1,3,3,0,0,0,3,1,-10,5,0,0.0,0,0,0.0,2,1,0.5,122,102,0
1626161,2019,21900602,2020-01-14 22:30:00,Golden State,Warriors,Dallas,Mavericks,Regular Season,1,0,17.0,8,0,6,5,1,1,2,0,3,-3,5,3,0.6,0,0,0.0,2,2,1.0,97,124,0
1626161,2019,21900617,2020-01-16 22:30:00,Golden State,Warriors,Denver,Nuggets,Regular Season,1,0,33.0,10,2,6,2,4,1,1,1,2,-15,5,4,0.8,0,0,0.0,4,2,0.5,131,134,0
1626161,2019,21900634,2020-01-18 20:30:00,Golden State,Warriors,Orlando,Magic,Regular Season,1,1,25.0,10,2,6,4,2,0,1,0,0,24,5,5,1.0,0,0,0.0,0,0,0.0,109,95,0
1626161,2019,21900652,2020-01-20 22:00:00,Golden State,Warriors,Portland,Trail Blazers,Regular Season,0,0,32.0,12,3,7,1,6,2,1,0,1,-8,10,6,0.6,0,0,0.0,0,0,0.0,129,124,0
1626161,2019,21900665,2020-01-22 22:00:00,Golden State,Warriors,Utah,Jazz,Regular Season,1,0,13.0,2,2,4,4,0,1,0,0,4,-13,5,0,0.0,0,0,0.0,2,2,1.0,96,129,0
1626161,2019,21900679,2020-01-24 22:30:00,Golden State,Warriors,Indiana,Pacers,Regular Season,1,0,0.0,0,0,0,0,0,0,0,0,0,0,0,0,0.0,0,0,0.0,0,0,0.0,118,129,0
1626161,2019,21900697,2020-01-27 20:00:00,Dallas,Mavericks,Oklahoma City,Thunder,Regular Season,0,1,0.0,0,0,0,0,0,0,0,0,0,0,0,0,0.0,0,0,0.0,0,0,0.0,97,107,0
1626161,2019,21900706,2020-01-28 20:30:00,Dallas,Mavericks,Phoenix,Suns,Regular Season,1,0,12.0,4,1,3,1,2,0,2,0,1,5,4,2,0.5,0,0,0.0,0,0,0.0,104,133,0
1626161,2019,21900722,2020-01-31 19:30:00,Dallas,Mavericks,Houston,Rockets,Regular Season,0,0,11.0,2,2,6,5,1,1,0,1,5,8,2,1,0.5,0,0,0.0,0,0,0.0,128,121,0
1626161,2019,21900733,2020-02-01 20:30:00,Dallas,Mavericks,Atlanta,Hawks,Regular Season,1,1,25.0,7,1,10,7,3,2,1,1,0,1,8,3,0.375,0,0,0.0,2,1,0.5,123,100,0
1626161,2019,21900743,2020-02-03 19:00:00,Dallas,Mavericks,Indiana,Pacers,Regular Season,0,1,6.0,0,1,2,2,0,1,0,1,2,-5,0,0,0.0,0,0,0.0,0,0,0.0,103,112,0
1626161,2019,21900761,2020-02-05 20:30:00,Dallas,Mavericks,Memphis,Grizzlies,Regular Season,1,0,12.0,4,0,3,2,1,2,0,1,3,-16,2,2,1.0,0,0,0.0,0,0,0.0,107,121,0
1626161,2019,21900770,2020-02-07 19:00:00,Dallas,Mavericks,Washington,Wizards,Regular Season,0,0,8.0,6,1,5,5,0,0,1,0,0,2,5,3,0.6,0,0,0.0,0,0,0.0,119,118,0
1626161,2019,21900778,2020-02-08 19:00:00,Dallas,Mavericks,Charlotte,Hornets,Regular Season,0,1,25.0,15,1,10,8,2,2,0,0,3,25,7,7,1.0,0,0,0.0,1,1,1.0,100,116,0
1626161,2019,21900798,2020-02-10 20:30:00,Dallas,Mavericks,Utah,Jazz,Regular Season,1,0,4.0,8,0,1,1,0,0,0,0,1,-3,3,3,1.0,0,0,0.0,3,2,0.667,119,123,0
1626161,2019,21900814,2020-02-12 20:30:00,Dallas,Mavericks,Sacramento,Kings,Regular Season,1,1,3.0,4,0,1,1,0,0,0,0,1,-1,3,2,0.667,1,0,0.0,0,0,0.0,130,111,0
1626161,2019,21900826,2020-02-21 19:00:00,Dallas,Mavericks,Orlando,Magic,Regular Season,0,1,0.0,0,0,0,0,0,0,0,0,0,0,0,0,0.0,0,0,0.0,0,0,0.0,106,122,0
1626161,2019,21900907,2020-03-02 20:00:00,Dallas,Mavericks,Chicago,Bulls,Regular Season,0,0,0.0,0,0,0,0,0,0,0,0,0,0,0,0,0.0,0,0,0.0,0,0,0.0,109,107,0
1626161,2019,21900923,2020-03-04 21:30:00,Dallas,Mavericks,New Orleans,Pelicans,Regular Season,1,1,15.0,2,0,5,5,0,2,0,0,0,-2,1,1,1.0,0,0,0.0,0,0,0.0,127,123,0
1626161,2019,21900937,2020-03-06 20:30:00,Dallas,Mavericks,Memphis,Grizzlies,Regular Season,1,1,10.0,4,3,4,1,3,1,0,0,0,-7,5,2,0.4,0,0,0.0,0,0,0.0,121,96,0
1626161,2019,21900952,2020-03-08 19:00:00,Dallas,Mavericks,Indiana,Pacers,Regular Season,1,0,9.0,5,0,3,3,0,0,0,0,2,-3,2,2,1.0,0,0,0.0,3,1,0.333,109,112,0
1626161,2019,21900973,2020-03-11 20:00:00,Dallas,Mavericks,Denver,Nuggets,Regular Season,1,1,10.0,6,0,7,6,1,0,0,1,1,5,3,3,1.0,0,0,0.0,0,0,0.0,113,97,0
1626161,2019,11900107,2020-07-23 19:00:00,Dallas,Mavericks,Los Angeles,Lakers,Preseason,0,1,0.0,0,0,0,0,0,0,0,0,0,0,0,0,0.0,0,0,0.0,0,0,0.0,104,108,0
1626161,2020,12000009,2020-12-12 20:00:00,Dallas,Mavericks,Milwaukee,Bucks,Preseason,0,1,8.0,4,0,5,5,0,0,1,2,0,13,4,2,0.5,1,0,0.0,0,0,0.0,102,112,0
1626161,2020,12000022,2020-12-14 20:00:00,Dallas,Mavericks,Milwaukee,Bucks,Preseason,0,1,7.0,8,0,1,1,0,0,0,0,1,11,3,3,1.0,2,2,1.0,0,0,0.0,112,128,0
1626161,2020,12000036,2020-12-17 20:30:00,Dallas,Mavericks,Minnesota,Timberwolves,Preseason,1,0,5.0,2,0,3,2,1,0,0,0,2,-6,3,1,0.333,1,0,0.0,0,0,0.0,127,129,0
1626161,2020,22000004,2020-12-23 22:30:00,Dallas,Mavericks,Phoenix,Suns,Regular Season,0,0,6.0,2,1,2,2,0,0,0,0,1,14,1,1,1.0,0,0,0.0,0,0,0.0,106,102,0
1626161,2020,22000008,2020-12-25 20:00:00,Dallas,Mavericks,Los Angeles,Lakers,Regular Season,0,0,14.0,0,0,2,2,0,1,2,1,3,-6,3,0,0.0,0,0,0.0,0,0,0.0,138,115,0
1626161,2020,22000031,2020-12-27 15:30:00,Dallas,Mavericks,Los Angeles,Clippers,Regular Season,0,1,18.0,9,2,6,2,4,1,0,0,0,31,5,3,0.6,1,0,0.0,3,3,1.0,73,124,0
1626161,2020,22000059,2020-12-30 20:30:00,Dallas,Mavericks,Charlotte,Hornets,Regular Season,1,0,9.0,5,0,3,2,1,0,0,1,4,-2,2,2,1.0,0,0,0.0,4,1,0.25,99,118,0
1626161,2020,22000071,2021-01-01 19:00:00,Dallas,Mavericks,Miami,Heat,Regular Season,1,1,11.0,0,0,3,2,1,0,0,2,2,-1,1,0,0.0,0,0,0.0,0,0,0.0,93,83,0
1626161,2020,22000090,2021-01-03 20:00:00,Dallas,Mavericks,Chicago,Bulls,Regular Season,0,0,11.0,8,0,4,2,2,0,0,0,6,-1,5,4,0.8,0,0,0.0,2,0,0.0,118,108,0
1626161,2020,22000098,2021-01-04 20:00:00,Dallas,Mavericks,Houston,Rockets,Regular Season,0,1,24.0,15,2,7,5,2,1,1,0,4,18,7,5,0.714,0,0,0.0,6,5,0.833,100,113,0
1626161,2020,22000120,2021-01-07 22:00:00,Dallas,Mavericks,Denver,Nuggets,Regular Season,0,1,26.0,5,1,9,7,2,1,0,0,4,4,1,1,1.0,0,0,0.0,4,3,0.75,117,124,0
1626161,2020,22000139,2021-01-09 20:30:00,Dallas,Mavericks,Orlando,Magic,Regular Season,1,1,23.0,6,2,7,6,1,0,0,1,2,4,5,2,0.4,0,0,0.0,2,2,1.0,112,98,0
1626161,2020,22000164,2021-01-13 19:00:00,Dallas,Mavericks,Charlotte,Hornets,Regular Season,0,1,29.0,4,2,14,11,3,3,1,2,1,7,2,2,1.0,0,0,0.0,0,0,0.0,93,104,0
1626161,2020,22000182,2021-01-15 19:30:00,Dallas,Mavericks,Milwaukee,Bucks,Regular Season,0,0,30.0,11,1,10,7,3,1,0,0,4,-3,7,5,0.714,0,0,0.0,2,1,0.5,112,109,0
1626161,2020,22000198,2021-01-17 15:00:00,Dallas,Mavericks,Chicago,Bulls,Regular Season,1,0,27.0,10,0,5,4,1,0,0,1,2,-4,8,5,0.625,1,0,0.0,1,0,0.0,101,117,0
1626161,2020,22000210,2021-01-18 19:30:00,Dallas,Mavericks,Toronto,Raptors,Regular Season,0,0,19.0,6,0,3,3,0,0,1,3,4,-3,5,2,0.4,0,0,0.0,4,2,0.5,116,93,0
1626161,2020,22000217,2021-01-20 19:00:00,Dallas,Mavericks,Indiana,Pacers,Regular Season,0,1,18.0,10,2,5,4,1,2,2,0,3,4,9,4,0.444,0,0,0.0,4,2,0.5,112,124,0
1626161,2020,22000237,2021-01-22 20:30:00,Dallas,Mavericks,San Antonio,Spurs,Regular Season,0,1,14.0,7,1,4,2,2,0,0,0,2,-16,4,3,0.75,0,0,0.0,2,1,0.5,117,122,0
1626161,2020,22000247,2021-01-23 21:00:00,Dallas,Mavericks,Houston,Rockets,Regular Season,1,0,18.0,6,0,3,2,1,1,0,0,3,-26,4,3,0.75,0,0,0.0,0,0,0.0,108,133,0
1626161,2020,22000265,2021-01-25 20:30:00,Dallas,Mavericks,Denver,Nuggets,Regular Season,1,0,26.0,2,1,3,2,1,0,1,0,3,17,3,0,0.0,0,0,0.0,4,2,0.5,113,117,0
1626161,2020,22000282,2021-01-27 21:00:00,Dallas,Mavericks,Utah,Jazz,Regular Season,0,0,3.0,2,0,1,0,1,0,0,0,1,2,1,1,1.0,0,0,0.0,0,0,0.0,116,104,0
1626161,2020,22000297,2021-01-29 22:00:00,Dallas,Mavericks,Utah,Jazz,Regular Season,0,0,9.0,0,0,3,3,0,0,0,1,1,-1,0,0,0.0,0,0,0.0,0,0,0.0,120,101,0
1626161,2020,22000303,2021-01-30 21:00:00,Dallas,Mavericks,Phoenix,Suns,Regular Season,1,0,29.0,14,2,9,6,3,4,0,1,6,5,8,7,0.875,0,0,0.0,0,0,0.0,105,111,0
1626161,2020,22000319,2021-02-01 20:30:00,Dallas,Mavericks,Phoenix,Suns,Regular Season,1,0,13.0,4,0,1,1,0,0,0,0,0,-4,2,2,1.0,0,0,0.0,0,0,0.0,108,109,0
1626161,2020,22000330,2021-02-03 19:30:00,Dallas,Mavericks,Atlanta,Hawks,Regular Season,0,1,10.0,2,1,2,1,1,2,0,0,3,-4,1,1,1.0,0,0,0.0,0,0,0.0,116,122,0
1626161,2020,22000339,2021-02-04 19:30:00,Dallas,Mavericks,Golden State,Warriors,Regular Season,1,0,5.0,3,0,0,0,0,0,0,1,0,-6,2,1,0.5,2,1,0.5,0,0,0.0,116,147,0
1626161,2020,22000360,2021-02-06 20:30:00,Dallas,Mavericks,Golden State,Warriors,Regular Season,1,1,0.0,0,0,0,0,0,0,0,0,0,0,0,0,0.0,0,0,0.0,0,0,0.0,134,132,0
1626161,2020,22000370,2021-02-08 20:30:00,Dallas,Mavericks,Minnesota,Timberwolves,Regular Season,1,1,0.0,0,0,0,0,0,0,0,0,0,0,0,0,0.0,0,0,0.0,0,0,0.0,127,122,0
1626161,2020,22000384,2021-02-10 19:30:00,Dallas,Mavericks,Atlanta,Hawks,Regular Season,1,1,23.0,14,0,6,6,0,0,0,0,2,19,6,5,0.833,0,0,0.0,4,4,1.0,118,117,0
1626161,2020,22000399,2021-02-12 19:30:00,Dallas,Mavericks,New Orleans,Pelicans,Regular Season,1,1,13.0,6,2,3,3,0,0,0,0,3,5,4,3,0.75,1,0,0.0,0,0,0.0,143,130,0
1626161,2020,22000411,2021-02-14 19:30:00,Dallas,Mavericks,Portland,Trail Blazers,Regular Season,1,0,16.0,2,0,5,2,3,2,1,0,1,5,3,0,0.0,0,0,0.0,2,2,1.0,118,121,0
1626161,2020,22000476,2021-02-22 20:30:00,Dallas,Mavericks,Memphis,Grizzlies,Regular Season,1,1,20.0,4,0,6,4,2,1,1,1,3,2,3,1,0.333,0,0,0.0,2,2,1.0,102,92,0
1626161,2020,22000485,2021-02-23 19:30:00,Dallas,Mavericks,Boston,Celtics,Regular Season,1,1,23.0,5,0,4,4,0,1,0,0,2,-4,2,2,1.0,0,0,0.0,2,1,0.5,110,107,0
1626161,2020,22000498,2021-02-25 19:00:00,Dallas,Mavericks,Philadelphia,76ers,Regular Season,0,0,17.0,2,2,5,3,2,0,0,1,1,-7,4,1,0.25,1,0,0.0,0,0,0.0,111,97,0
1626161,2020,22000519,2021-02-27 20:30:00,Dallas,Mavericks,Brooklyn,Nets,Regular Season,0,1,16.0,6,1,4,3,1,2,0,0,1,12,3,3,1.0,0,0,0.0,0,0,0.0,98,115,0
1626161,2020,22000529,2021-03-01 19:00:00,Dallas,Mavericks,Orlando,Magic,Regular Season,0,1,3.0,2,1,1,0,1,0,0,0,1,-3,1,1,1.0,0,0,0.0,0,0,0.0,124,130,0
1626161,2020,22000549,2021-03-03 20:30:00,Dallas,Mavericks,Oklahoma City,Thunder,Regular Season,1,1,0.0,0,0,0,0,0,0,0,0,0,0,0,0,0.0,0,0,0.0,0,0,0.0,87,78,0
1626161,2020,22000567,2021-03-10 20:30:00,Dallas,Mavericks,San Antonio,Spurs,Regular Season,1,1,13.0,10,0,2,1,1,0,0,0,2,3,6,5,0.833,0,0,0.0,0,0,0.0,115,104,0
1626161,2020,22000575,2021-03-11 21:00:00,Dallas,Mavericks,Oklahoma City,Thunder,Regular Season,0,0,20.0,0,2,4,4,0,2,0,0,1,-3,2,0,0.0,1,0,0.0,0,0,0.0,116,108,0
1626161,2020,22000592,2021-03-13 22:00:00,Dallas,Mavericks,Denver,Nuggets,Regular Season,0,1,0.0,0,0,0,0,0,0,0,0,0,0,0,0,0.0,0,0,0.0,0,0,0.0,103,116,0
1626161,2020,22000605,2021-03-15 21:00:00,Dallas,Mavericks,Los Angeles,Clippers,Regular Season,1,0,16.0,6,0,2,2,0,1,1,0,2,8,5,3,0.6,0,0,0.0,0,0,0.0,99,109,0
1626161,2020,22000625,2021-03-17 21:30:00,Dallas,Mavericks,Los Angeles,Clippers,Regular Season,1,1,11.0,4,0,2,2,0,2,0,0,2,10,2,1,0.5,1,0,0.0,2,2,1.0,105,89,0
1626161,2020,22000810,2021-04-11 20:00:00,Dallas,Mavericks,San Antonio,Spurs,Regular Season,1,0,0.0,0,0,0,0,0,0,0,0,0,0,0,0,0.0,0,0,0.0,0,0,0.0,117,119,0
1626161,2020,22000818,2021-04-12 19:30:00,Dallas,Mavericks,Philadelphia,76ers,Regular Season,1,0,10.0,0,0,2,2,0,0,0,1,3,-7,1,0,0.0,0,0,0.0,0,0,0.0,95,113,0
1626161,2020,22000837,2021-04-14 21:30:00,Dallas,Mavericks,Memphis,Grizzlies,Regular Season,0,1,0.0,0,0,0,0,0,0,0,0,0,0,0,0,0.0,0,0,0.0,0,0,0.0,113,114,0
1626161,2020,22000854,2021-04-16 21:30:00,Dallas,Mavericks,New York,Knicks,Regular Season,1,0,0.0,0,0,0,0,0,0,0,0,0,0,0,0,0.0,0,0,0.0,0,0,0.0,109,117,0
1626161,2020,22000866,2021-04-18 19:30:00,Dallas,Mavericks,Sacramento,Kings,Regular Season,1,0,5.0,4,0,3,3,0,0,0,0,1,2,1,1,1.0,0,0,0.0,2,2,1.0,107,121,0
1626161,2020,22000442,2021-04-21 20:30:00,Dallas,Mavericks,Detroit,Pistons,Regular Season,1,1,12.0,8,1,4,2,2,1,0,0,6,10,4,3,0.75,0,0,0.0,3,2,0.667,127,117,0
1626161,2020,22000897,2021-04-22 21:30:00,Dallas,Mavericks,Los Angeles,Lakers,Regular Season,1,1,31.0,11,1,8,5,3,2,1,0,1,18,7,4,0.571,1,0,0.0,6,3,0.5,115,110,0
1626161,2020,22000908,2021-04-24 20:30:00,Dallas,Mavericks,Los Angeles,Lakers,Regular Season,1,1,19.0,8,1,2,1,1,0,0,2,3,-8,2,2,1.0,0,0,0.0,6,4,0.667,108,93,0
1626161,2020,22000926,2021-04-26 22:00:00,Dallas,Mavericks,Sacramento,Kings,Regular Season,0,0,26.0,8,0,7,4,3,1,3,1,1,6,6,4,0.667,0,0,0.0,3,0,0.0,113,106,0
1626161,2020,22000932,2021-04-27 21:30:00,Dallas,Mavericks,Golden State,Warriors,Regular Season,0,1,23.0,6,0,5,3,2,2,0,0,2,41,4,3,0.75,0,0,0.0,0,0,0.0,103,133,0
1626161,2020,22000943,2021-04-29 19:00:00,Dallas,Mavericks,Detroit,Pistons,Regular Season,0,1,11.0,0,0,1,0,1,0,0,1,4,-4,1,0,0.0,0,0,0.0,0,0,0.0,105,115,0
1626161,2020,22000964,2021-05-01 21:00:00,Dallas,Mavericks,Washington,Wizards,Regular Season,1,1,26.0,6,0,12,9,3,2,2,1,4,-3,5,3,0.6,1,0,0.0,0,0,0.0,125,124,0
1626161,2020,22000970,2021-05-02 20:00:00,Dallas,Mavericks,Sacramento,Kings,Regular Season,1,0,9.0,1,0,4,2,2,0,0,1,1,-12,0,0,0.0,0,0,0.0,2,1,0.5,99,111,0
1626161,2020,22000986,2021-05-04 20:00:00,Dallas,Mavericks,Miami,Heat,Regular Season,0,1,18.0,2,1,3,3,0,0,0,0,1,5,2,1,0.5,0,0,0.0,0,0,0.0,113,127,0
1626161,2020,22000998,2021-05-06 19:30:00,Dallas,Mavericks,Brooklyn,Nets,Regular Season,1,1,20.0,6,2,8,6,2,2,1,1,2,-1,6,3,0.5,0,0,0.0,0,0,0.0,113,109,0
1626161,2020,22001007,2021-05-07 20:30:00,Dallas,Mavericks,Cleveland,Cavaliers,Regular Season,1,1,22.0,3,1,6,5,1,2,2,0,1,15,2,1,0.5,1,0,0.0,2,1,0.5,110,90,0
1626161,2020,22001021,2021-05-09 19:00:00,Dallas,Mavericks,Cleveland,Cavaliers,Regular Season,0,1,16.0,4,1,7,7,0,1,0,1,5,-2,2,2,1.0,0,0,0.0,0,0,0.0,97,124,0
1626161,2020,22001037,2021-05-11 20:00:00,Dallas,Mavericks,Memphis,Grizzlies,Regular Season,0,0,15.0,16,1,8,5,3,0,0,1,2,1,8,7,0.875,0,0,0.0,3,2,0.667,133,104,0
1626161,2020,22000154,2021-05-12 21:00:00,Dallas,Mavericks,New Orleans,Pelicans,Regular Season,1,1,13.0,5,0,2,0,2,1,1,1,4,10,3,2,0.667,0,0,0.0,1,1,1.0,125,107,0
1626161,2020,22001057,2021-05-14 21:00:00,Dallas,Mavericks,Toronto,Raptors,Regular Season,1,1,14.0,0,0,2,2,0,0,0,1,4,-9,0,0,0.0,0,0,0.0,0,0,0.0,114,110,0
1626161,2020,22001071,2021-05-16 21:00:00,Dallas,Mavericks,Minnesota,Timberwolves,Regular Season,0,0,9.0,0,0,2,1,1,1,0,1,4,0,1,0,0.0,0,0,0.0,0,0,0.0,136,121,0
1626161,2020,42000171,2021-05-22 16:30:00,Dallas,Mavericks,Los Angeles,Clippers,Playoffs,0,1,4.0,0,0,0,0,0,0,0,1,1,-4,0,0,0.0,0,0,0.0,0,0,0.0,103,113,0
1626161,2020,42000172,2021-05-25 22:30:00,Dallas,Mavericks,Los Angeles,Clippers,Playoffs,0,1,15.0,6,0,6,5,1,0,0,0,1,-3,3,3,1.0,0,0,0.0,0,0,0.0,121,127,0
1626161,2020,42000173,2021-05-28 21:30:00,Dallas,Mavericks,Los Angeles,Clippers,Playoffs,1,0,14.0,5,1,4,2,2,2,1,1,3,-1,2,1,0.5,0,0,0.0,3,3,1.0,108,118,0
1626161,2020,42000174,2021-05-30 21:30:00,Dallas,Mavericks,Los Angeles,Clippers,Playoffs,1,0,5.0,0,1,0,0,0,0,0,0,0,-6,1,0,0.0,0,0,0.0,0,0,0.0,81,106,0
1626161,2020,42000175,2021-06-02 22:00:00,Dallas,Mavericks,Los Angeles,Clippers,Playoffs,0,1,5.0,2,0,2,2,0,1,1,1,2,0,1,1,1.0,0,0,0.0,0,0,0.0,100,105,0
1626161,2020,42000176,2021-06-04 21:00:00,Dallas,Mavericks,Los Angeles,Clippers,Playoffs,1,0,18.0,2,1,4,4,0,1,0,0,1,-13,2,1,0.5,0,0,0.0,0,0,0.0,97,104,0
1626161,2020,42000177,2021-06-06 15:30:00,Dallas,Mavericks,Los Angeles,Clippers,Playoffs,0,0,0.0,0,0,0,0,0,0,0,0,0,0,0,0,0.0,0,0,0.0,0,0,0.0,126,111,0
1626161,2021,12100018,2021-10-06 20:30:00,Dallas,Mavericks,Utah,Jazz,Preseason,1,1,20.0,6,0,9,9,0,1,0,0,2,6,7,3,0.429,2,0,0.0,0,0,0.0,111,101,0
1626161,2021,12100028,2021-10-08 20:30:00,Dallas,Mavericks,Los Angeles,Clippers,Preseason,1,1,10.0,4,0,2,1,1,1,0,0,3,-6,4,2,0.5,0,0,0.0,0,0,0.0,122,114,0
1626161,2021,12100048,2021-10-13 18:30:00,Dallas,Mavericks,Charlotte,Hornets,Preseason,0,1,16.0,4,2,3,3,0,1,0,1,4,33,3,2,0.667,1,0,0.0,0,0,0.0,59,127,0
1626161,2021,12100064,2021-10-15 20:00:00,Dallas,Mavericks,Milwaukee,Bucks,Preseason,0,1,9.0,2,0,1,1,0,2,0,0,1,7,1,1,1.0,0,0,0.0,0,0,0.0,103,114,0
1626161,2021,22100014,2021-10-21 19:30:00,Dallas,Mavericks,Atlanta,Hawks,Regular Season,0,0,12.0,2,0,6,5,1,0,0,0,0,5,4,1,0.25,0,0,0.0,0,0,0.0,113,87,0
1626161,2021,22100029,2021-10-23 19:30:00,Dallas,Mavericks,Toronto,Raptors,Regular Season,0,1,3.0,0,0,1,1,0,0,0,0,0,2,0,0,0.0,0,0,0.0,0,0,0.0,95,103,0
1626161,2021,22100052,2021-10-26 20:30:00,Dallas,Mavericks,Houston,Rockets,Regular Season,1,1,5.0,0,0,1,1,0,0,2,1,0,9,0,0,0.0,0,0,0.0,0,0,0.0,116,106,0
1626161,2021,22100069,2021-10-28 20:30:00,Dallas,Mavericks,San Antonio,Spurs,Regular Season,1,1,13.0,4,1,3,2,1,0,0,0,0,11,4,2,0.5,1,0,0.0,0,0,0.0,104,99,0
1626161,2021,22100075,2021-10-29 22:00:00,Dallas,Mavericks,Denver,Nuggets,Regular Season,0,0,13.0,4,0,1,1,0,0,0,0,1,-1,2,2,1.0,0,0,0.0,0,0,0.0,106,75,0
1626161,2021,22100089,2021-10-31 15:30:00,Dallas,Mavericks,Sacramento,Kings,Regular Season,1,1,13.0,4,2,6,3,3,0,0,0,1,3,4,2,0.5,0,0,0.0,0,0,0.0,105,99,0
1626161,2021,22100104,2021-11-02 19:30:00,Dallas,Mavericks,Miami,Heat,Regular Season,1,0,19.0,0,1,3,1,2,0,0,1,1,-8,2,0,0.0,0,0,0.0,0,0,0.0,110,125,0
1626161,2021,22100116,2021-11-03 20:30:00,Dallas,Mavericks,San Antonio,Spurs,Regular Season,0,1,10.0,0,1,2,1,1,0,0,0,2,-13,1,0,0.0,0,0,0.0,0,0,0.0,108,109,0
1626161,2021,22100136,2021-11-06 20:30:00,Dallas,Mavericks,Boston,Celtics,Regular Season,1,1,8.0,0,0,0,0,0,0,1,0,0,7,0,0,0.0,0,0,0.0,0,0,0.0,107,104,0
1626161,2021,22100150,2021-11-08 20:30:00,Dallas,Mavericks,New Orleans,Pelicans,Regular Season,1,1,4.0,0,0,2,2,0,0,0,0,0,-5,0,0,0.0,0,0,0.0,0,0,0.0,108,92,0
1626161,2021,22100163,2021-11-10 20:00:00,Dallas,Mavericks,Chicago,Bulls,Regular Season,0,0,5.0,2,0,1,1,0,0,0,0,1,2,2,1,0.5,0,0,0.0,0,0,0.0,117,107,0
1626161,2021,22100181,2021-11-12 20:30:00,Dallas,Mavericks,San Antonio,Spurs,Regular Season,0,1,9.0,0,1,2,2,0,1,0,0,1,16,0,0,0.0,0,0,0.0,0,0,0.0,109,123,0
1626161,2021,22100204,2021-11-15 20:00:00,Dallas,Mavericks,Denver,Nuggets,Regular Season,1,1,3.0,0,1,0,0,0,0,0,0,0,-1,0,0,0.0,0,0,0.0,0,0,0.0,111,101,0
1626161,2021,22100222,2021-11-17 22:00:00,Dallas,Mavericks,Phoenix,Suns,Regular Season,0,0,8.0,0,0,1,1,0,0,0,1,1,-8,1,0,0.0,0,0,0.0,0,0,0.0,105,98,0
1626161,2021,22100237,2021-11-19 22:00:00,Dallas,Mavericks,Phoenix,Suns,Regular Season,0,0,9.0,8,1,3,2,1,0,0,0,1,11,3,3,1.0,1,1,1.0,2,1,0.5,112,104,0
1626161,2021,22100248,2021-11-21 15:30:00,Dallas,Mavericks,Los Angeles,Clippers,Regular Season,0,0,9.0,4,0,1,1,0,0,2,2,2,-2,2,2,1.0,0,0,0.0,0,0,0.0,97,91,0
1626161,2021,22100266,2021-11-23 22:30:00,Dallas,Mavericks,Los Angeles,Clippers,Regular Season,0,1,17.0,2,1,2,1,1,0,1,0,3,0,4,1,0.25,0,0,0.0,0,0,0.0,104,112,0
1626161,2021,22100298,2021-11-27 20:30:00,Dallas,Mavericks,Washington,Wizards,Regular Season,1,0,10.0,4,0,3,0,3,2,0,2,3,-7,6,2,0.333,0,0,0.0,0,0,0.0,114,120,0
1626161,2021,22100468,2021-12-21 20:30:00,Dallas,Mavericks,Minnesota,Timberwolves,Regular Season,1,1,0.0,0,0,0,0,0,0,0,0,0,0,0,0,0.0,0,0,0.0,0,0,0.0,114,102,0
1626161,2021,22100901,2022-02-25 20:00:00,Philadelphia,76ers,Minnesota,Timberwolves,Regular Season,0,1,4.0,0,1,2,2,0,0,0,0,1,4,0,0,0.0,0,0,0.0,0,0,0.0,102,133,0
1626161,2021,22100912,2022-02-27 13:00:00,Philadelphia,76ers,New York,Knicks,Regular Season,0,1,0.0,0,0,0,0,0,0,0,0,0,0,0,0,0.0,0,0,0.0,0,0,0.0,109,125,0
1626161,2021,22100934,2022-03-02 19:30:00,Philadelphia,76ers,New York,Knicks,Regular Season,1,1,1.0,0,0,0,0,0,0,0,0,1,-1,0,0,0.0,0,0,0.0,0,0,0.0,123,108,0
1626161,2022,12200045,2022-10-10 19:30:00,Houston,Rockets,Miami,Heat,Preseason,0,0,0.0,0,0,0,0,0,0,0,0,0,0,0,0,0.0,0,0,0.0,0,0,0.0,118,110,0
1626161,2022,22200926,2023-02-28 20:00:00,Houston,Rockets,Denver,Nuggets,Regular Season,1,0,0.0,0,0,0,0,0,0,0,0,0,0,0,0,0.0,0,0,0.0,0,0,0.0,112,133,0
1626161,2022,22200938,2023-03-01 20:00:00,Houston,Rockets,Memphis,Grizzlies,Regular Season,1,0,0.0,0,0,0,0,0,0,0,0,0,0,0,0,0.0,0,0,0.0,0,0,0.0,99,113,0
1626161,2022,22200959,2023-03-04 20:00:00,Houston,Rockets,San Antonio,Spurs,Regular Season,0,1,0.0,0,0,0,0,0,0,0,0,0,0,0,0,0.0,0,0,0.0,0,0,0.0,110,122,0
1626161,2022,22200967,2023-03-05 19:00:00,Houston,Rockets,San Antonio,Spurs,Regular Season,1,1,0.0,0,0,0,0,0,0,0,0,0,0,0,0,0.0,0,0,0.0,0,0,0.0,142,110,0
1626161,2022,22200981,2023-03-07 20:00:00,Houston,Rockets,Brooklyn,Nets,Regular Season,1,0,0.0,0,0,0,0,0,0,0,0,0,0,0,0,0.0,0,0,0.0,0,0,0.0,96,118,0
1626161,2022,22201222,2023-04-09 13:00:00,Houston,Rockets,Washington,Wizards,Regular Season,0,1,0.0,0,0,0,0,0,0,0,0,0,0,0,0,0.0,0,0,0.0,0,0,0.0,109,114,0
