personId,season,gameId,gameDateTimeEst,playerteamCity,playerteamName,opponentteamCity,opponentteamName,gameType,home,win,numMinutes,points,assists,reboundsTotal,reboundsDefensive,reboundsOffensive,blocks,steals,turnovers,foulsPersonal,plusMinusPoints,fieldGoalsAttempted,fieldGoalsMade,fieldGoalsPercentage,threePointersAttempted,threePointersMade,threePointersPercentage,freeThrowsAttempted,freeThrowsMade,freeThrowsPercentage,homeScore,awayScore,attendance
1626162,0,11500041,,Washington,,,,Pre Season,0,0,18.85,5,0,1,1,0,1,0,0,3,6,3,1,0.333,0,0,0.0,6,3,0.5,0,0,0
1626162,0,11700005,,Washington,,,,Pre Season,0,0,21.783333333333335,8,4,1,1,0,0,1,0,0,11,5,2,0.4,3,1,0.333,4,3,0.75,0,0,0
1626162,0,11800070,,Washington,,,,Pre Season,0,0,16.216666666666665,7,0,1,1,0,1,0,2,1,20,6,3,0.5,3,0,0.0,1,1,1.0,0,0,0
1626162,0,12400011,,Philadelphia,,,,Pre Season,0,0,11.383333333333333,6,0,2,2,0,0,1,1,2,19,4,2,0.5,1,0,0.0,2,2,1.0,0,0,0
1626162,2015,11500011,2015-10-06 19:00:00,Washington,Wizards,Philadelphia,76ers,Preseason,1,1,0.0,0,0,0,0,0,0,0,0,0,0,0,0,0.0,0,0,0.0,0,0,0.0,129,95,0
1626162,2015,11500031,2015-10-09 19:00:00,Washington,Wizards,New York,Knicks,Preseason,1,0,24.0,0,0,4,3,1,1,0,1,2,-8,7,0,0.0,3,0,0.0,0,0,0.0,104,115,0
1626162,2015,11500064,2015-10-16 19:00:00,Washington,Wizards,Philadelphia,76ers,Preseason,0,1,26.0,16,1,3,3,0,0,3,0,2,6,4,3,0.75,2,1,0.5,11,9,0.818,118,127,0
1626162,2015,11500074,2015-10-17 20:30:00,Washington,Wizards,Milwaukee,Bucks,Preseason,0,1,24.0,7,2,3,2,1,0,3,1,4,2,12,2,0.167,5,0,0.0,4,3,0.75,101,105,0
1626162,2015,11500096,2015-10-21 20:00:00,Washington,Wizards,Miami,Heat,Preseason,0,0,17.0,9,0,2,1,1,0,1,2,4,-22,10,3,0.3,4,0,0.0,4,3,0.75,110,105,0
1626162,2015,11500107,2015-10-23 19:30:00,Washington,Wizards,Toronto,Raptors,Preseason,0,0,12.0,7,1,2,1,1,1,3,0,0,3,3,2,0.667,0,0,0.0,3,3,1.0,92,82,0
1626162,2015,21500004,2015-10-28 19:00:00,Washington,Wizards,Orlando,Magic,Regular Season,0,1,0.0,0,0,0,0,0,0,0,0,0,0,0,0,0.0,0,0,0.0,0,0,0.0,87,88,0
1626162,2015,21500027,2015-10-30 20:00:00,Washington,Wizards,Milwaukee,Bucks,Regular Season,0,1,1.0,0,0,0,0,0,0,0,0,0,0,0,0,0.0,0,0,0.0,0,0,0.0,113,118,0
1626162,2015,21500034,2015-10-31 19:00:00,Washington,Wizards,New York,Knicks,Regular Season,1,0,0.0,0,0,0,0,0,0,0,0,0,0,0,0,0.0,0,0,0.0,0,0,0.0,110,117,0
1626162,2015,21500061,2015-11-04 19:00:00,Washington,Wizards,San Antonio,Spurs,Regular Season,1,1,0.0,0,0,0,0,0,0,0,0,0,0,0,0,0.0,0,0,0.0,0,0,0.0,102,99,0
1626162,2015,21500076,2015-11-06 19:30:00,Washington,Wizards,Boston,Celtics,Regular Season,0,0,14.0,7,2,2,2,0,0,0,1,3,3,9,3,0.333,4,0,0.0,3,1,0.333,118,98,0
1626162,2015,21500086,2015-11-07 19:30:00,Washington,Wizards,Atlanta,Hawks,Regular Season,0,0,0.0,0,0,0,0,0,0,0,0,0,0,0,0,0.0,0,0,0.0,0,0,0.0,114,99,0
1626162,2015,21500107,2015-11-10 19:00:00,Washington,Wizards,Oklahoma City,Thunder,Regular Season,1,0,25.0,11,0,3,3,0,0,0,1,4,-11,8,4,0.5,4,2,0.5,2,1,0.5,101,125,0
1626162,2015,21500139,2015-11-14 19:00:00,Washington,Wizards,Orlando,Magic,Regular Season,1,1,9.0,4,0,1,1,0,0,0,0,3,-9,3,2,0.667,1,0,0.0,0,0,0.0,108,99,0
1626162,2015,21500158,2015-11-17 19:00:00,Washington,Wizards,Milwaukee,Bucks,Regular Season,1,1,8.0,7,0,3,3,0,0,0,1,1,4,3,2,0.667,1,1,1.0,4,2,0.5,115,86,0
1626162,2015,21500192,2015-11-21 19:30:00,Washington,Wizards,Detroit,Pistons,Regular Season,0,1,0.0,0,0,0,0,0,0,0,0,0,0,0,0,0.0,0,0,0.0,0,0,0.0,95,97,0
1626162,2015,21500209,2015-11-24 19:00:00,Washington,Wizards,Indiana,Pacers,Regular Season,1,0,1.0,0,0,0,0,0,0,0,0,0,-4,1,0,0.0,1,0,0.0,0,0,0.0,106,123,0
1626162,2015,21500215,2015-11-25 19:00:00,Washington,Wizards,Charlotte,Hornets,Regular Season,0,0,0.0,0,0,0,0,0,0,0,0,0,0,0,0,0.0,0,0,0.0,0,0,0.0,101,87,0
1626162,2015,21500229,2015-11-27 19:30:00,Washington,Wizards,Boston,Celtics,Regular Season,0,0,13.0,4,0,6,6,0,0,0,0,1,-13,7,0,0.0,3,0,0.0,4,4,1.0,111,78,0
1626162,2015,21500239,2015-11-28 19:00:00,Washington,Wizards,Toronto,Raptors,Regular Season,1,0,1.0,0,0,0,0,0,0,0,0,1,-2,1,0,0.0,0,0,0.0,0,0,0.0,82,84,0
1626162,2015,21500262,2015-12-01 19:00:00,Washington,Wizards,Cleveland,Cavaliers,Regular Season,0,1,0.0,0,0,0,0,0,0,0,0,0,0,0,0,0.0,0,0,0.0,0,0,0.0,85,97,0
1626162,2015,21500269,2015-12-02 19:00:00,Washington,Wizards,Los Angeles,Lakers,Regular Season,1,0,5.0,2,0,0,0,0,0,0,0,1,9,3,1,0.333,0,0,0.0,0,0,0.0,104,108,0
1626162,2015,21500284,2015-12-04 19:00:00,Washington,Wizards,Phoenix,Suns,Regular Season,1,1,3.0,0,0,0,0,0,0,0,0,1,3,0,0,0.0,0,0,0.0,0,0,0.0,109,106,0
1626162,2015,21500302,2015-12-06 18:00:00,Washington,Wizards,Dallas,Mavericks,Regular Season,1,0,1.0,0,0,0,0,0,0,0,0,0,-1,0,0,0.0,0,0,0.0,0,0,0.0,104,116,0
1626162,2015,21500306,2015-12-07 19:30:00,Washington,Wizards,Miami,Heat,Regular Season,0,1,0.0,0,0,0,0,0,0,0,0,0,0,0,0,0.0,0,0,0.0,0,0,0.0,103,114,0
1626162,2015,21500321,2015-12-09 19:00:00,Washington,Wizards,Houston,Rockets,Regular Season,1,0,0.0,0,0,0,0,0,0,0,0,0,0,0,0,0.0,0,0,0.0,0,0,0.0,103,109,0
1626162,2015,21500339,2015-12-11 20:00:00,Washington,Wizards,New Orleans,Pelicans,Regular Season,0,0,7.0,0,1,0,0,0,0,0,0,2,-7,0,0,0.0,0,0,0.0,0,0,0.0,107,105,0
1626162,2015,21500350,2015-12-12 20:30:00,Washington,Wizards,Dallas,Mavericks,Regular Season,0,1,8.0,3,0,3,3,0,0,1,2,3,0,2,1,0.5,1,0,0.0,2,1,0.5,111,114,0
1626162,2015,21500362,2015-12-14 20:00:00,Washington,Wizards,Memphis,Grizzlies,Regular Season,0,0,17.0,8,1,4,4,0,0,2,1,2,0,7,3,0.429,3,2,0.667,0,0,0.0,112,95,0
1626162,2015,21500379,2015-12-16 20:30:00,Washington,Wizards,San Antonio,Spurs,Regular Season,0,0,24.0,18,0,3,1,2,0,0,0,3,-7,15,6,0.4,7,2,0.286,4,4,1.0,114,95,0
1626162,2015,21500399,2015-12-19 19:00:00,Washington,Wizards,Charlotte,Hornets,Regular Season,1,1,22.0,8,0,5,4,1,1,0,0,4,-6,5,3,0.6,2,2,1.0,0,0,0.0,109,101,0
1626162,2015,21500410,2015-12-21 19:00:00,Washington,Wizards,Sacramento,Kings,Regular Season,1,1,32.0,8,2,6,6,0,0,1,1,4,-4,4,2,0.5,2,2,1.0,2,2,1.0,113,99,0
1626162,2015,21500427,2015-12-23 19:00:00,Washington,Wizards,Memphis,Grizzlies,Regular Season,1,1,20.0,10,0,7,3,4,0,0,0,4,15,6,3,0.5,2,2,1.0,2,2,1.0,100,91,0
1626162,2015,21500447,2015-12-26 16:00:00,Washington,Wizards,Brooklyn,Nets,Regular Season,0,1,31.0,12,1,6,6,0,1,1,1,2,-3,7,5,0.714,4,2,0.5,0,0,0.0,96,111,0
1626162,2015,21500461,2015-12-28 19:00:00,Washington,Wizards,Los Angeles,Clippers,Regular Season,1,0,25.0,5,1,5,4,1,0,0,0,2,-16,6,2,0.333,2,1,0.5,0,0,0.0,91,108,0
1626162,2015,21500477,2015-12-30 19:30:00,Washington,Wizards,Toronto,Raptors,Regular Season,0,0,13.0,2,1,0,0,0,0,0,2,3,-1,3,1,0.333,1,0,0.0,0,0,0.0,94,91,0
1626162,2015,21500490,2016-01-01 19:00:00,Washington,Wizards,Orlando,Magic,Regular Season,1,1,20.0,7,0,5,4,1,0,1,0,1,13,5,3,0.6,1,1,1.0,0,0,0.0,103,91,0
1626162,2015,21500508,2016-01-03 18:00:00,Washington,Wizards,Miami,Heat,Regular Season,1,0,25.0,6,1,8,7,1,0,1,2,1,-7,6,3,0.5,2,0,0.0,0,0,0.0,75,97,0
1626162,2015,21500527,2016-01-06 19:00:00,Washington,Wizards,Cleveland,Cavaliers,Regular Season,1,0,10.0,4,1,1,1,0,0,0,1,0,-5,4,2,0.5,1,0,0.0,1,0,0.0,115,121,0
1626162,2015,21500540,2016-01-08 19:00:00,Washington,Wizards,Toronto,Raptors,Regular Season,1,0,10.0,4,0,1,0,1,0,0,1,2,1,2,1,0.5,2,1,0.5,2,1,0.5,88,97,0
1626162,2015,21500552,2016-01-09 19:00:00,Washington,Wizards,Orlando,Magic,Regular Season,0,1,15.0,0,0,1,1,0,0,1,1,3,-1,0,0,0.0,0,0,0.0,0,0,0.0,99,105,0
1626162,2015,21500567,2016-01-11 20:00:00,Washington,Wizards,Chicago,Bulls,Regular Season,0,1,13.0,2,0,3,2,1,2,0,0,0,8,6,1,0.167,1,0,0.0,0,0,0.0,100,114,0
1626162,2015,21500578,2016-01-13 19:00:00,Washington,Wizards,Milwaukee,Bucks,Regular Season,1,1,9.0,5,0,1,1,0,0,2,1,2,9,3,1,0.333,2,1,0.5,2,2,1.0,106,101,0
1626162,2015,21500593,2016-01-15 19:00:00,Washington,Wizards,Indiana,Pacers,Regular Season,0,1,17.0,7,0,4,2,2,0,2,0,3,-2,6,2,0.333,2,1,0.5,4,2,0.5,104,118,0
1626162,2015,21500604,2016-01-16 19:30:00,Washington,Wizards,Boston,Celtics,Regular Season,1,0,24.0,10,0,6,2,4,0,2,2,3,-1,11,4,0.364,4,1,0.25,1,1,1.0,117,119,0
1626162,2015,21500617,2016-01-18 14:00:00,Washington,Wizards,Portland,Trail Blazers,Regular Season,1,0,11.0,0,0,2,2,0,0,0,0,1,-13,2,0,0.0,1,0,0.0,0,0,0.0,98,108,0
1626162,2015,21500630,2016-01-20 19:00:00,Washington,Wizards,Miami,Heat,Regular Season,1,1,19.0,0,0,2,2,0,1,1,1,2,3,2,0,0.0,2,0,0.0,0,0,0.0,106,87,0
1626162,2015,21500668,2016-01-25 19:00:00,Washington,Wizards,Boston,Celtics,Regular Season,1,0,8.0,4,0,2,2,0,0,0,1,0,-3,3,2,0.667,1,0,0.0,0,0,0.0,91,116,0
1626162,2015,21500680,2016-01-26 19:30:00,Washington,Wizards,Toronto,Raptors,Regular Season,0,0,5.0,1,0,1,1,0,0,0,0,1,1,0,0,0.0,0,0,0.0,2,1,0.5,106,89,0
1626162,2015,21500693,2016-01-28 19:00:00,Washington,Wizards,Denver,Nuggets,Regular Season,1,0,7.0,0,0,0,0,0,1,0,0,2,-2,1,0,0.0,1,0,0.0,0,0,0.0,113,117,0
1626162,2015,21500711,2016-01-30 20:00:00,Washington,Wizards,Houston,Rockets,Regular Season,0,1,0.0,0,0,0,0,0,0,0,0,0,-2,0,0,0.0,0,0,0.0,0,0,0.0,122,123,0
1626162,2015,21500725,2016-02-01 20:00:00,Washington,Wizards,Oklahoma City,Thunder,Regular Season,0,0,1.0,2,0,0,0,0,0,0,0,1,-4,1,1,1.0,0,0,0.0,0,0,0.0,114,98,0
1626162,2015,21500739,2016-02-03 20:00:00,Washington,Wizards,Golden State,Warriors,Regular Season,1,0,0.0,0,0,0,0,0,0,0,0,0,0,0,0,0.0,0,0,0.0,0,0,0.0,121,134,0
1626162,2015,21500753,2016-02-05 19:00:00,Washington,Wizards,Philadelphia,76ers,Regular Season,1,1,1.0,0,0,0,0,0,0,0,0,0,-2,0,0,0.0,0,0,0.0,0,0,0.0,106,94,0
1626162,2015,21500761,2016-02-06 19:00:00,Washington,Wizards,Charlotte,Hornets,Regular Season,0,0,4.0,0,0,0,0,0,0,0,1,0,0,0,0,0.0,0,0,0.0,0,0,0.0,108,104,0
1626162,2015,21500785,2016-02-09 20:00:00,Washington,Wizards,New York,Knicks,Regular Season,0,1,6.0,0,0,1,1,0,0,0,0,1,-3,0,0,0.0,0,0,0.0,0,0,0.0,108,111,0
1626162,2015,21500801,2016-02-11 20:00:00,Washington,Wizards,Milwaukee,Bucks,Regular Season,0,0,7.0,2,0,1,0,1,0,0,0,2,-4,3,1,0.333,1,0,0.0,0,0,0.0,99,92,0
1626162,2015,21500654,2016-02-18 19:00:00,Washington,Wizards,Utah,Jazz,Regular Season,1,1,1.0,0,0,0,0,0,0,0,0,1,-3,1,0,0.0,0,0,0.0,0,0,0.0,103,89,0
1626162,2015,21500806,2016-02-19 19:00:00,Washington,Wizards,Detroit,Pistons,Regular Season,1,1,2.0,2,0,2,2,0,0,0,0,1,-4,0,0,0.0,0,0,0.0,2,2,1.0,98,86,0
1626162,2015,21500820,2016-02-20 19:30:00,Washington,Wizards,Miami,Heat,Regular Season,0,0,4.0,3,0,2,2,0,0,0,0,3,1,3,1,0.333,1,0,0.0,1,1,1.0,114,94,0
1626162,2015,21500841,2016-02-23 19:00:00,Washington,Wizards,New Orleans,Pelicans,Regular Season,1,1,8.0,8,0,2,2,0,0,0,2,1,-4,5,4,0.8,0,0,0.0,0,0,0.0,109,89,0
1626162,2015,21500850,2016-02-24 20:00:00,Washington,Wizards,Chicago,Bulls,Regular Season,0,0,0.0,0,0,0,0,0,0,0,0,0,0,0,0,0.0,0,0,0.0,0,0,0.0,109,104,0
1626162,2015,21500862,2016-02-26 19:00:00,Washington,Wizards,Philadelphia,76ers,Regular Season,0,1,0.0,0,0,0,0,0,0,0,0,0,0,0,0,0.0,0,0,0.0,0,0,0.0,94,103,0
1626162,2015,21500877,2016-02-28 13:00:00,Washington,Wizards,Cleveland,Cavaliers,Regular Season,1,1,5.0,0,0,1,1,0,0,0,1,3,-13,3,0,0.0,2,0,0.0,0,0,0.0,113,99,0
1626162,2015,21500885,2016-02-29 19:00:00,Washington,Wizards,Philadelphia,76ers,Regular Season,1,1,0.0,0,0,0,0,0,0,0,0,0,0,0,0,0.0,0,0,0.0,0,0,0.0,116,108,0
1626162,2015,21500904,2016-03-02 20:00:00,Washington,Wizards,Minnesota,Timberwolves,Regular Season,0,1,0.0,0,0,0,0,0,0,0,0,0,0,0,0,0.0,0,0,0.0,0,0,0.0,98,104,0
1626162,2015,21500917,2016-03-04 20:00:00,Washington,Wizards,Cleveland,Cavaliers,Regular Season,0,0,7.0,5,0,4,2,2,0,1,1,2,1,4,2,0.5,1,0,0.0,2,1,0.5,108,83,0
1626162,2015,21500924,2016-03-05 19:00:00,Washington,Wizards,Indiana,Pacers,Regular Season,1,0,0.0,0,0,0,0,0,0,0,0,0,0,0,0,0.0,0,0,0.0,0,0,0.0,99,100,0
1626162,2015,21500948,2016-03-08 22:00:00,Washington,Wizards,Portland,Trail Blazers,Regular Season,0,0,9.0,0,0,3,3,0,0,1,0,2,6,2,0,0.0,0,0,0.0,2,0,0.0,116,109,0
1626162,2015,21500969,2016-03-11 21:00:00,Washington,Wizards,Utah,Jazz,Regular Season,0,0,2.0,3,0,1,1,0,0,0,0,0,-2,1,1,1.0,1,1,1.0,0,0,0.0,114,93,0
1626162,2015,21500980,2016-03-12 21:30:00,Washington,Wizards,Denver,Nuggets,Regular Season,0,0,1.0,2,0,2,1,1,0,0,1,0,2,2,1,0.5,0,0,0.0,0,0,0.0,116,100,0
1626162,2015,21500989,2016-03-14 20:00:00,Washington,Wizards,Detroit,Pistons,Regular Season,1,1,9.0,4,0,3,3,0,0,2,1,0,10,4,2,0.5,0,0,0.0,1,0,0.0,124,81,0
1626162,2015,21501006,2016-03-16 19:00:00,Washington,Wizards,Chicago,Bulls,Regular Season,1,1,1.0,0,0,0,0,0,0,1,1,1,0,0,0,0.0,0,0,0.0,0,0,0.0,117,96,0
1626162,2015,21501013,2016-03-17 19:00:00,Washington,Wizards,Philadelphia,76ers,Regular Season,0,1,0.0,0,0,0,0,0,0,0,0,0,0,0,0,0.0,0,0,0.0,0,0,0.0,94,99,0
1626162,2015,21501032,2016-03-19 19:00:00,Washington,Wizards,New York,Knicks,Regular Season,1,1,0.0,0,0,0,0,0,0,0,0,0,0,0,0,0.0,0,0,0.0,0,0,0.0,99,89,0
1626162,2015,21501048,2016-03-21 20:00:00,Washington,Wizards,Atlanta,Hawks,Regular Season,0,1,0.0,2,0,1,0,1,0,0,0,0,0,2,1,0.5,1,0,0.0,0,0,0.0,102,117,0
1626162,2015,21501056,2016-03-23 19:00:00,Washington,Wizards,Atlanta,Hawks,Regular Season,1,0,2.0,3,1,2,1,1,0,0,1,0,0,3,1,0.333,2,1,0.5,0,0,0.0,101,122,0
1626162,2015,21501073,2016-03-25 19:00:00,Washington,Wizards,Minnesota,Timberwolves,Regular Season,1,0,0.0,0,0,0,0,0,0,0,0,0,0,0,0,0.0,0,0,0.0,0,0,0.0,129,132,0
1626162,2015,21501096,2016-03-27 21:30:00,Washington,Wizards,Los Angeles,Lakers,Regular Season,0,1,1.0,0,0,0,0,0,0,0,0,0,-3,0,0,0.0,0,0,0.0,0,0,0.0,88,101,0
1626162,2015,21501112,2016-03-29 22:30:00,Washington,Wizards,Golden State,Warriors,Regular Season,0,0,4.0,6,0,1,1,0,0,0,0,1,11,3,2,0.667,1,0,0.0,2,2,1.0,102,94,0
1626162,2015,21501120,2016-03-30 22:00:00,Washington,Wizards,Sacramento,Kings,Regular Season,0,0,3.0,4,0,0,0,0,0,0,1,2,3,3,2,0.667,1,0,0.0,0,0,0.0,120,111,0
1626162,2015,21501137,2016-04-01 22:30:00,Washington,Wizards,Phoenix,Suns,Regular Season,0,1,0.0,0,0,0,0,0,0,0,0,0,0,0,0,0.0,0,0,0.0,0,0,0.0,99,106,0
1626162,2015,21501147,2016-04-03 15:30:00,Washington,Wizards,Los Angeles,Clippers,Regular Season,0,0,0.0,0,0,0,0,0,0,0,0,0,0,0,0,0.0,0,0,0.0,0,0,0.0,114,109,0
1626162,2015,21501167,2016-04-06 19:00:00,Washington,Wizards,Brooklyn,Nets,Regular Season,1,1,18.0,7,1,4,3,1,0,1,1,4,5,6,3,0.5,4,1,0.25,0,0,0.0,121,103,0
1626162,2015,21501182,2016-04-08 19:30:00,Washington,Wizards,Detroit,Pistons,Regular Season,0,0,0.0,0,0,0,0,0,0,0,0,0,0,0,0,0.0,0,0,0.0,0,0,0.0,112,99,0
1626162,2015,21501194,2016-04-10 12:00:00,Washington,Wizards,Charlotte,Hornets,Regular Season,1,1,17.0,4,0,3,3,0,0,0,0,3,2,6,2,0.333,2,0,0.0,0,0,0.0,113,98,0
1626162,2015,21501206,2016-04-11 19:30:00,Washington,Wizards,Brooklyn,Nets,Regular Season,0,1,28.0,14,0,6,6,0,0,1,1,4,8,10,6,0.6,3,1,0.333,2,1,0.5,111,120,0
1626162,2015,21501221,2016-04-13 20:00:00,Washington,Wizards,Atlanta,Hawks,Regular Season,1,1,25.0,6,0,3,3,0,1,0,2,3,-3,8,3,0.375,1,0,0.0,2,0,0.0,109,98,0
1626162,2016,11600012,2016-10-04 19:00:00,Washington,Wizards,Miami,Heat,Preseason,1,0,25.0,16,1,4,3,1,0,3,0,2,2,10,5,0.5,2,2,1.0,7,4,0.571,95,106,0
1626162,2016,11600021,2016-10-06 19:00:00,Washington,Wizards,Philadelphia,76ers,Preseason,0,1,32.0,24,3,2,2,0,1,2,3,3,13,12,8,0.667,3,2,0.667,8,6,0.75,119,125,0
1626162,2016,11600039,2016-10-10 19:30:00,Washington,Wizards,New York,Knicks,Preseason,0,0,23.0,10,1,7,5,2,0,3,6,3,3,9,4,0.444,3,0,0.0,2,2,1.0,90,88,0
1626162,2016,11600053,2016-10-13 19:00:00,Washington,Wizards,Philadelphia,76ers,Preseason,1,1,24.0,8,1,3,3,0,0,0,0,1,26,5,3,0.6,1,0,0.0,3,2,0.667,100,79,0
1626162,2016,11600069,2016-10-15 19:00:00,Washington,Wizards,Sacramento,Kings,Preseason,0,0,26.0,15,1,3,2,1,0,2,0,1,-3,13,6,0.462,4,1,0.25,2,2,1.0,124,119,0
1626162,2016,11600080,2016-10-18 19:00:00,Washington,Wizards,Cleveland,Cavaliers,Preseason,0,1,21.0,6,1,1,1,0,0,1,0,3,4,6,1,0.167,1,0,0.0,6,4,0.667,91,96,0
1626162,2016,11600096,2016-10-21 19:00:00,Washington,Wizards,Toronto,Raptors,Preseason,1,1,24.0,13,2,5,4,1,0,1,1,3,9,8,4,0.5,3,1,0.333,4,4,1.0,119,82,0
1626162,2016,21600014,2016-10-27 19:30:00,Washington,Wizards,Atlanta,Hawks,Regular Season,0,0,22.0,5,1,1,1,0,0,1,0,1,-10,6,1,0.167,4,1,0.25,4,2,0.5,114,99,0
1626162,2016,21600039,2016-10-30 20:00:00,Washington,Wizards,Memphis,Grizzlies,Regular Season,0,0,14.0,5,1,2,1,1,0,0,2,0,-4,4,2,0.5,2,0,0.0,1,1,1.0,112,103,0
1626162,2016,21600055,2016-11-02 19:00:00,Washington,Wizards,Toronto,Raptors,Regular Season,1,0,7.0,0,0,0,0,0,0,1,1,2,-9,0,0,0.0,0,0,0.0,0,0,0.0,103,113,0
1626162,2016,21600070,2016-11-04 19:00:00,Washington,Wizards,Atlanta,Hawks,Regular Season,1,1,0.0,0,0,0,0,0,0,0,0,0,0,0,0,0.0,0,0,0.0,0,0,0.0,95,92,0
1626162,2016,21600081,2016-11-05 19:00:00,Washington,Wizards,Orlando,Magic,Regular Season,0,0,17.0,5,0,0,0,0,0,0,0,1,-8,5,2,0.4,1,1,1.0,0,0,0.0,88,86,0
1626162,2016,21600094,2016-11-07 19:00:00,Washington,Wizards,Houston,Rockets,Regular Season,1,0,13.0,10,0,1,0,1,0,0,0,2,4,7,3,0.429,3,2,0.667,2,2,1.0,106,114,0
1626162,2016,21600107,2016-11-09 19:00:00,Washington,Wizards,Boston,Celtics,Regular Season,1,1,2.0,0,0,2,2,0,0,0,0,1,4,0,0,0.0,0,0,0.0,0,0,0.0,118,93,0
1626162,2016,21600122,2016-11-11 19:00:00,Washington,Wizards,Cleveland,Cavaliers,Regular Season,1,0,21.0,10,0,6,6,0,1,1,1,4,1,8,5,0.625,1,0,0.0,0,0,0.0,94,105,0
1626162,2016,21600133,2016-11-12 20:00:00,Washington,Wizards,Chicago,Bulls,Regular Season,0,0,9.0,3,0,1,1,0,0,0,0,3,-6,2,1,0.5,2,1,0.5,0,0,0.0,106,95,0
1626162,2016,21600158,2016-11-16 19:00:00,Washington,Wizards,Philadelphia,76ers,Regular Season,0,0,3.0,2,0,0,0,0,0,0,0,0,-5,2,1,0.5,0,0,0.0,0,0,0.0,109,102,0
1626162,2016,21600169,2016-11-17 19:00:00,Washington,Wizards,New York,Knicks,Regular Season,1,1,22.0,8,1,3,3,0,0,0,1,2,-14,6,3,0.5,4,2,0.5,0,0,0.0,119,112,0
1626162,2016,21600186,2016-11-19 19:00:00,Washington,Wizards,Miami,Heat,Regular Season,1,0,14.0,2,0,4,2,2,0,1,2,3,7,6,1,0.167,2,0,0.0,0,0,0.0,111,114,0
1626162,2016,21600200,2016-11-21 19:00:00,Washington,Wizards,Phoenix,Suns,Regular Season,1,1,25.0,5,2,4,4,0,0,0,0,1,4,5,2,0.4,2,0,0.0,4,1,0.25,106,101,0
1626162,2016,21600226,2016-11-25 19:00:00,Washington,Wizards,Orlando,Magic,Regular Season,0,1,14.0,0,0,3,1,2,0,1,0,2,-10,3,0,0.0,2,0,0.0,0,0,0.0,91,94,0
1626162,2016,21600240,2016-11-26 19:00:00,Washington,Wizards,San Antonio,Spurs,Regular Season,1,0,2.0,1,0,1,1,0,0,0,0,0,-4,1,0,0.0,1,0,0.0,2,1,0.5,100,112,0
1626162,2016,21600253,2016-11-28 19:00:00,Washington,Wizards,Sacramento,Kings,Regular Season,1,1,23.0,10,2,11,7,4,0,2,1,2,2,3,2,0.667,1,0,0.0,6,6,1.0,101,95,0
1626162,2016,21600270,2016-11-30 20:00:00,Washington,Wizards,Oklahoma City,Thunder,Regular Season,0,0,27.0,12,1,6,6,0,0,1,1,2,5,6,4,0.667,3,2,0.667,2,2,1.0,126,115,0
1626162,2016,21600289,2016-12-02 20:30:00,Washington,Wizards,San Antonio,Spurs,Regular Season,0,0,12.0,4,2,1,1,0,0,0,2,2,-16,4,2,0.5,1,0,0.0,0,0,0.0,107,105,0
1626162,2016,21600306,2016-12-05 19:30:00,Washington,Wizards,Brooklyn,Nets,Regular Season,0,1,17.0,10,0,5,4,1,0,1,1,3,-11,8,3,0.375,5,2,0.4,2,2,1.0,113,118,0
1626162,2016,21600315,2016-12-06 19:00:00,Washington,Wizards,Orlando,Magic,Regular Season,1,0,21.0,3,0,5,4,1,0,0,0,3,-2,4,1,0.25,2,1,0.5,0,0,0.0,116,124,0
1626162,2016,21600332,2016-12-08 19:00:00,Washington,Wizards,Denver,Nuggets,Regular Season,1,1,25.0,8,2,5,3,2,0,2,0,4,11,9,4,0.444,2,0,0.0,0,0,0.0,92,85,0
1626162,2016,21600346,2016-12-10 19:00:00,Washington,Wizards,Milwaukee,Bucks,Regular Season,1,1,29.0,19,1,9,8,1,0,3,0,4,7,11,7,0.636,6,3,0.5,2,2,1.0,110,105,0
1626162,2016,21600363,2016-12-12 19:30:00,Washington,Wizards,Miami,Heat,Regular Season,0,0,24.0,6,0,5,4,1,0,1,1,2,-6,5,2,0.4,2,0,0.0,2,2,1.0,112,101,0
1626162,2016,21600375,2016-12-14 19:00:00,Washington,Wizards,Charlotte,Hornets,Regular Season,1,1,40.0,15,1,4,4,0,0,2,1,2,2,12,7,0.583,4,1,0.25,1,0,0.0,109,106,0
1626162,2016,21600389,2016-12-16 19:00:00,Washington,Wizards,Detroit,Pistons,Regular Season,1,1,33.0,7,0,6,6,0,0,1,0,3,5,6,1,0.167,3,0,0.0,6,5,0.833,122,108,0
1626162,2016,21600413,2016-12-19 19:00:00,Washington,Wizards,Indiana,Pacers,Regular Season,0,0,18.0,5,1,7,3,4,1,0,0,3,-8,8,2,0.25,2,0,0.0,2,1,0.5,107,105,0
1626162,2016,21600432,2016-12-21 20:00:00,Washington,Wizards,Chicago,Bulls,Regular Season,0,1,22.0,4,0,5,4,1,0,1,2,5,2,4,1,0.25,2,0,0.0,2,2,1.0,97,107,0
1626162,2016,21600447,2016-12-23 20:00:00,Washington,Wizards,Milwaukee,Bucks,Regular Season,0,0,13.0,5,0,3,3,0,0,1,0,1,-15,4,2,0.5,3,1,0.333,0,0,0.0,123,96,0
1626162,2016,21600461,2016-12-26 19:00:00,Washington,Wizards,Milwaukee,Bucks,Regular Season,1,1,17.0,5,3,2,1,1,0,1,1,2,-4,6,2,0.333,4,1,0.25,0,0,0.0,107,102,0
1626162,2016,21600476,2016-12-28 19:00:00,Washington,Wizards,Indiana,Pacers,Regular Season,1,1,21.0,2,1,2,2,0,0,0,3,3,1,3,1,0.333,1,0,0.0,0,0,0.0,111,105,0
1626162,2016,21600493,2016-12-30 19:00:00,Washington,Wizards,Brooklyn,Nets,Regular Season,1,1,12.0,3,0,1,1,0,1,0,2,1,5,3,1,0.333,1,0,0.0,1,1,1.0,118,95,0
1626162,2016,21600518,2017-01-02 20:00:00,Washington,Wizards,Houston,Rockets,Regular Season,0,0,23.0,0,0,7,6,1,0,2,0,3,-11,4,0,0.0,1,0,0.0,0,0,0.0,101,91,0
1626162,2016,21600524,2017-01-03 20:30:00,Washington,Wizards,Dallas,Mavericks,Regular Season,0,0,25.0,8,2,3,3,0,0,0,0,3,-8,5,3,0.6,4,2,0.5,0,0,0.0,113,105,0
1626162,2016,21600544,2017-01-06 19:00:00,Washington,Wizards,Minnesota,Timberwolves,Regular Season,1,1,13.0,6,0,1,1,0,0,0,1,4,-1,4,2,0.5,3,2,0.667,0,0,0.0,112,105,0
1626162,2016,21600562,2017-01-08 14:00:00,Washington,Wizards,Milwaukee,Bucks,Regular Season,0,1,25.0,17,1,5,2,3,0,1,1,4,5,14,7,0.5,7,3,0.429,0,0,0.0,101,107,0
1626162,2016,21600571,2017-01-10 19:00:00,Washington,Wizards,Chicago,Bulls,Regular Season,1,1,23.0,3,1,5,5,0,0,1,1,4,-5,6,1,0.167,3,0,0.0,2,1,0.5,101,99,0
1626162,2016,21600583,2017-01-11 20:00:00,Washington,Wizards,Boston,Celtics,Regular Season,0,0,13.0,0,0,2,2,0,1,1,1,1,-2,2,0,0.0,0,0,0.0,0,0,0.0,117,108,0
1626162,2016,21600603,2017-01-14 20:00:00,Washington,Wizards,Philadelphia,76ers,Regular Season,1,1,27.0,6,0,2,2,0,0,2,0,1,8,6,3,0.5,2,0,0.0,0,0,0.0,109,93,0
1626162,2016,21600614,2017-01-16 14:00:00,Washington,Wizards,Portland,Trail Blazers,Regular Season,1,1,27.0,18,2,4,1,3,1,0,2,3,2,8,5,0.625,4,3,0.75,5,5,1.0,120,101,0
1626162,2016,21600628,2017-01-18 19:00:00,Washington,Wizards,Memphis,Grizzlies,Regular Season,1,1,19.0,3,3,4,4,0,0,0,1,2,3,3,1,0.333,2,0,0.0,1,1,1.0,104,101,0
1626162,2016,21600638,2017-01-19 20:00:00,Washington,Wizards,New York,Knicks,Regular Season,0,1,25.0,10,1,3,3,0,0,0,0,4,7,6,3,0.5,4,1,0.25,3,3,1.0,110,113,0
1626162,2016,21600651,2017-01-21 18:00:00,Washington,Wizards,Detroit,Pistons,Regular Season,0,0,27.0,11,0,4,2,2,0,2,0,2,3,9,5,0.556,2,1,0.5,0,0,0.0,113,112,0
1626162,2016,21600665,2017-01-23 19:00:00,Washington,Wizards,Charlotte,Hornets,Regular Season,0,1,22.0,10,1,2,2,0,1,1,0,2,7,5,4,0.8,3,2,0.667,2,0,0.0,99,109,0
1626162,2016,21600676,2017-01-24 19:00:00,Washington,Wizards,Boston,Celtics,Regular Season,1,1,29.0,11,0,3,3,0,1,1,1,5,10,10,4,0.4,6,3,0.5,0,0,0.0,123,108,0
1626162,2016,21600702,2017-01-27 20:00:00,Washington,Wizards,Atlanta,Hawks,Regular Season,0,1,29.0,4,2,1,1,0,1,3,1,4,12,11,2,0.182,5,0,0.0,0,0,0.0,86,112,0
1626162,2016,21600714,2017-01-29 18:00:00,Washington,Wizards,New Orleans,Pelicans,Regular Season,0,1,24.0,2,0,7,5,2,0,0,0,4,7,4,1,0.25,1,0,0.0,0,0,0.0,94,107,0
1626162,2016,21600724,2017-01-31 19:00:00,Washington,Wizards,New York,Knicks,Regular Season,1,1,28.0,14,0,2,2,0,0,0,0,4,11,7,5,0.714,4,2,0.5,2,2,1.0,117,101,0
1626162,2016,21600742,2017-02-02 19:00:00,Washington,Wizards,Los Angeles,Lakers,Regular Season,1,1,23.0,4,0,1,0,1,0,0,1,3,7,5,2,0.4,3,0,0.0,0,0,0.0,116,108,0
1626162,2016,21600755,2017-02-04 19:00:00,Washington,Wizards,New Orleans,Pelicans,Regular Season,1,1,22.0,10,0,2,2,0,1,0,1,2,6,6,3,0.5,5,2,0.4,2,2,1.0,105,91,0
1626162,2016,21600769,2017-02-06 19:00:00,Washington,Wizards,Cleveland,Cavaliers,Regular Season,1,0,28.0,11,0,7,4,3,0,4,0,6,9,10,4,0.4,3,1,0.333,2,2,1.0,135,140,0
1626162,2016,21600784,2017-02-08 19:30:00,Washington,Wizards,Brooklyn,Nets,Regular Season,0,1,32.0,0,0,3,2,1,0,1,1,4,-1,5,0,0.0,3,0,0.0,2,0,0.0,110,114,0
1626162,2016,21600805,2017-02-10 20:00:00,Washington,Wizards,Indiana,Pacers,Regular Season,1,1,20.0,1,0,4,4,0,0,0,0,1,-12,2,0,0.0,2,0,0.0,2,1,0.5,112,107,0
1626162,2016,21600820,2017-02-13 20:00:00,Washington,Wizards,Oklahoma City,Thunder,Regular Season,1,1,11.0,4,0,1,1,0,0,0,0,2,-12,4,2,0.5,0,0,0.0,0,0,0.0,120,98,0
1626162,2016,21600848,2017-02-16 19:00:00,Washington,Wizards,Indiana,Pacers,Regular Season,0,1,16.0,3,1,1,0,1,0,0,0,1,-6,4,1,0.25,2,0,0.0,2,1,0.5,98,111,0
1626162,2016,21600856,2017-02-24 19:00:00,Washington,Wizards,Philadelphia,76ers,Regular Season,0,0,19.0,3,0,1,1,0,0,0,0,3,-12,5,1,0.2,3,1,0.333,0,0,0.0,120,112,0
1626162,2016,21600877,2017-02-26 17:00:00,Washington,Wizards,Utah,Jazz,Regular Season,1,0,8.0,4,0,0,0,0,0,1,0,2,-9,5,2,0.4,1,0,0.0,0,0,0.0,92,102,0
1626162,2016,21600889,2017-02-28 19:00:00,Washington,Wizards,Golden State,Warriors,Regular Season,1,1,17.0,5,0,2,2,0,0,1,0,3,1,4,2,0.5,3,1,0.333,0,0,0.0,112,108,0
1626162,2016,21600896,2017-03-01 19:30:00,Washington,Wizards,Toronto,Raptors,Regular Season,0,1,24.0,7,2,3,3,0,1,0,4,3,12,7,2,0.286,4,1,0.25,2,2,1.0,96,105,0
1626162,2016,21600910,2017-03-03 19:00:00,Washington,Wizards,Toronto,Raptors,Regular Season,1,0,11.0,2,0,2,2,0,0,0,2,3,-15,4,1,0.25,1,0,0.0,0,0,0.0,106,114,0
1626162,2016,21600930,2017-03-05 17:00:00,Washington,Wizards,Orlando,Magic,Regular Season,1,1,5.0,0,0,2,2,0,0,1,0,1,-11,1,0,0.0,0,0,0.0,0,0,0.0,115,114,0
1626162,2016,21600948,2017-03-07 21:00:00,Washington,Wizards,Phoenix,Suns,Regular Season,0,1,7.0,2,0,0,0,0,0,0,0,2,5,2,0,0.0,0,0,0.0,2,2,1.0,127,131,0
1626162,2016,21600958,2017-03-08 21:00:00,Washington,Wizards,Denver,Nuggets,Regular Season,0,1,19.0,2,2,5,5,0,0,0,0,1,-3,4,1,0.25,2,0,0.0,0,0,0.0,113,123,0
1626162,2016,21600972,2017-03-10 22:30:00,Washington,Wizards,Sacramento,Kings,Regular Season,0,1,4.0,2,0,0,0,0,0,0,0,0,-2,2,1,0.5,1,0,0.0,0,0,0.0,122,130,0
1626162,2016,21600983,2017-03-11 22:00:00,Washington,Wizards,Portland,Trail Blazers,Regular Season,0,1,10.0,0,0,1,1,0,0,0,0,2,-15,0,0,0.0,0,0,0.0,0,0,0.0,124,125,0
1626162,2016,21600995,2017-03-13 20:00:00,Washington,Wizards,Minnesota,Timberwolves,Regular Season,0,0,0.0,3,0,0,0,0,0,0,0,0,1,1,1,1.0,1,1,1.0,0,0,0.0,119,104,0
1626162,2016,21601004,2017-03-15 19:00:00,Washington,Wizards,Dallas,Mavericks,Regular Season,1,0,0.0,0,0,0,0,0,0,0,0,0,0,0,0,0.0,0,0,0.0,0,0,0.0,107,112,0
1626162,2016,21601021,2017-03-17 19:00:00,Washington,Wizards,Chicago,Bulls,Regular Season,1,1,14.0,4,2,4,2,2,1,2,0,1,2,5,2,0.4,2,0,0.0,0,0,0.0,112,107,0
1626162,2016,21601030,2017-03-18 19:00:00,Washington,Wizards,Charlotte,Hornets,Regular Season,0,0,20.0,5,0,1,1,0,0,0,1,2,1,3,2,0.667,1,1,1.0,0,0,0.0,98,93,0
1626162,2016,21601047,2017-03-20 19:30:00,Washington,Wizards,Boston,Celtics,Regular Season,0,0,24.0,4,0,4,4,0,2,1,1,3,4,5,2,0.4,3,0,0.0,0,0,0.0,110,102,0
1626162,2016,21601063,2017-03-22 20:00:00,Washington,Wizards,Atlanta,Hawks,Regular Season,1,1,18.0,5,1,5,4,1,0,0,1,3,5,7,2,0.286,2,1,0.5,0,0,0.0,104,100,0
1626162,2016,21601072,2017-03-24 19:00:00,Washington,Wizards,Brooklyn,Nets,Regular Season,1,1,23.0,9,0,3,3,0,0,1,0,2,27,9,4,0.444,3,1,0.333,0,0,0.0,129,108,0
1626162,2016,21601083,2017-03-25 19:30:00,Washington,Wizards,Cleveland,Cavaliers,Regular Season,0,1,25.0,16,0,7,3,4,0,1,0,4,6,8,7,0.875,1,0,0.0,3,2,0.667,115,127,0
1626162,2016,21601110,2017-03-28 22:30:00,Washington,Wizards,Los Angeles,Lakers,Regular Season,0,1,25.0,14,1,5,1,4,0,1,0,3,10,11,5,0.455,2,2,1.0,2,2,1.0,108,119,0
1626162,2016,21601119,2017-03-29 22:30:00,Washington,Wizards,Los Angeles,Clippers,Regular Season,0,0,24.0,10,0,6,4,2,0,2,1,5,-2,4,3,0.75,1,0,0.0,5,4,0.8,133,124,0
1626162,2016,21601134,2017-03-31 21:00:00,Washington,Wizards,Utah,Jazz,Regular Season,0,0,22.0,10,0,4,3,1,0,3,1,4,2,7,5,0.714,2,0,0.0,1,0,0.0,95,88,0
1626162,2016,21601152,2017-04-02 20:00:00,Washington,Wizards,Golden State,Warriors,Regular Season,0,0,29.0,6,0,2,1,1,1,0,0,4,-15,11,2,0.182,6,0,0.0,4,2,0.5,139,115,0
1626162,2016,21601155,2017-04-04 19:00:00,Washington,Wizards,Charlotte,Hornets,Regular Season,1,1,24.0,15,1,5,4,1,0,0,1,4,6,7,4,0.571,5,3,0.6,4,4,1.0,118,111,0
1626162,2016,21601176,2017-04-06 19:30:00,Washington,Wizards,New York,Knicks,Regular Season,0,1,28.0,13,2,5,2,3,2,0,2,2,-11,8,5,0.625,3,1,0.333,2,2,1.0,103,106,0
1626162,2016,21601192,2017-04-08 19:00:00,Washington,Wizards,Miami,Heat,Regular Season,1,0,32.0,12,1,6,5,1,0,0,1,3,-3,9,5,0.556,4,1,0.25,2,1,0.5,103,106,0
1626162,2016,21601208,2017-04-10 20:00:00,Washington,Wizards,Detroit,Pistons,Regular Season,0,1,36.0,10,1,6,5,1,1,1,1,1,7,10,2,0.2,0,0,0.0,8,6,0.75,101,105,0
1626162,2016,21601221,2017-04-12 20:00:00,Washington,Wizards,Miami,Heat,Regular Season,0,0,28.0,8,1,3,2,1,0,3,0,1,0,12,4,0.333,2,0,0.0,0,0,0.0,110,102,0
1626162,2016,41600131,2017-04-16 13:00:00,Washington,Wizards,Atlanta,Hawks,Playoffs,1,1,18.0,11,1,3,2,1,1,2,0,4,-16,8,4,0.5,3,1,0.333,2,2,1.0,114,107,0
1626162,2016,41600132,2017-04-19 19:00:00,Washington,Wizards,Atlanta,Hawks,Playoffs,1,1,13.0,1,0,1,1,0,1,1,0,4,-10,1,0,0.0,0,0,0.0,2,1,0.5,109,101,0
1626162,2016,41600133,2017-04-22 17:30:00,Washington,Wizards,Atlanta,Hawks,Playoffs,0,0,23.0,9,1,5,3,2,0,2,2,6,-7,11,3,0.273,7,3,0.429,0,0,0.0,116,98,0
1626162,2016,41600134,2017-04-24 20:00:00,Washington,Wizards,Atlanta,Hawks,Playoffs,0,0,8.0,0,0,2,2,0,0,0,2,3,-12,2,0,0.0,1,0,0.0,0,0,0.0,111,101,0
1626162,2016,41600135,2017-04-26 18:00:00,Washington,Wizards,Atlanta,Hawks,Playoffs,1,1,12.0,5,1,3,2,1,1,0,0,1,-1,4,2,0.5,3,1,0.333,0,0,0.0,103,99,0
1626162,2016,41600136,2017-04-28 19:30:00,Washington,Wizards,Atlanta,Hawks,Playoffs,0,1,20.0,5,1,1,1,0,0,5,0,3,-12,4,1,0.25,2,1,0.5,2,2,1.0,99,115,0
1626162,2016,41600201,2017-04-30 13:00:00,Washington,Wizards,Boston,Celtics,Playoffs,0,0,25.0,12,0,1,1,0,2,0,1,3,-22,8,5,0.625,4,2,0.5,0,0,0.0,123,111,0
1626162,2016,41600202,2017-05-02 20:00:00,Washington,Wizards,Boston,Celtics,Playoffs,0,0,27.0,12,0,7,4,3,0,0,0,5,-24,11,5,0.455,4,2,0.5,0,0,0.0,129,119,0
1626162,2016,41600203,2017-05-04 20:00:00,Washington,Wizards,Boston,Celtics,Playoffs,1,1,5.0,2,0,0,0,0,0,0,1,2,3,2,1,0.5,1,0,0.0,0,0,0.0,116,89,0
1626162,2016,41600204,2017-05-07 18:30:00,Washington,Wizards,Boston,Celtics,Playoffs,1,1,0.0,0,0,0,0,0,0,0,0,0,0,0,0,0.0,0,0,0.0,0,0,0.0,121,102,0
1626162,2016,41600205,2017-05-10 20:00:00,Washington,Wizards,Boston,Celtics,Playoffs,0,0,19.0,13,0,3,1,2,0,0,0,4,-7,10,5,0.5,5,1,0.2,4,2,0.5,123,101,0
1626162,2016,41600206,2017-05-12 20:00:00,Washington,Wizards,Boston,Celtics,Playoffs,1,1,6.0,0,0,2,2,0,0,0,1,3,-5,0,0,0.0,0,0,0.0,0,0,0.0,92,91,0
1626162,2016,41600207,2017-05-15 20:00:00,Washington,Wizards,Boston,Celtics,Playoffs,0,0,0.0,0,0,0,0,0,0,0,0,0,0,0,0,0.0,0,0,0.0,0,0,0.0,115,105,0
1626162,2017,11700030,2017-10-06 19:00:00,Washington,Wizards,New York,Knicks,Preseason,1,1,25.0,14,1,3,3,0,1,3,0,3,10,13,5,0.385,6,2,0.333,2,2,1.0,104,100,0
1626162,2017,11700040,2017-10-08 15:00:00,Washington,Wizards,Cleveland,Cavaliers,Preseason,1,1,14.0,12,1,5,2,3,0,1,1,4,11,10,5,0.5,2,1,0.5,2,1,0.5,102,94,0
1626162,2017,11700063,2017-10-11 19:30:00,Washington,Wizards,Miami,Heat,Preseason,0,0,25.0,10,0,14,10,4,2,2,4,0,-5,9,3,0.333,4,0,0.0,6,4,0.667,117,115,0
1626162,2017,11700075,2017-10-13 19:30:00,Washington,Wizards,New York,Knicks,Preseason,0,1,23.0,21,0,4,4,0,1,1,2,5,1,13,9,0.692,4,1,0.25,4,2,0.5,103,110,0
1626162,2017,21700006,2017-10-18 19:00:00,Washington,Wizards,Philadelphia,76ers,Regular Season,1,1,32.0,14,2,8,6,2,2,2,0,2,-4,10,5,0.5,6,3,0.5,3,1,0.333,120,115,0
1626162,2017,21700020,2017-10-20 19:00:00,Washington,Wizards,Detroit,Pistons,Regular Season,1,1,35.0,4,0,7,6,1,0,2,1,3,10,5,1,0.2,2,0,0.0,2,2,1.0,115,111,0
1626162,2017,21700047,2017-10-23 21:00:00,Washington,Wizards,Denver,Nuggets,Regular Season,0,1,37.0,14,1,4,4,0,1,2,1,2,12,10,5,0.5,5,2,0.4,2,2,1.0,104,109,0
1626162,2017,21700064,2017-10-25 22:30:00,Washington,Wizards,Los Angeles,Lakers,Regular Season,0,0,38.0,9,0,3,2,1,1,0,1,3,-10,10,4,0.4,4,1,0.25,0,0,0.0,102,99,0
1626162,2017,21700075,2017-10-27 22:30:00,Washington,Wizards,Golden State,Warriors,Regular Season,0,0,38.0,19,0,8,6,2,2,2,1,4,2,11,6,0.545,6,4,0.667,3,3,1.0,120,117,0
1626162,2017,21700089,2017-10-29 18:00:00,Washington,Wizards,Sacramento,Kings,Regular Season,0,1,27.0,9,1,7,7,0,0,0,0,1,26,7,3,0.429,4,2,0.5,2,1,0.5,83,110,0
1626162,2017,21700108,2017-11-01 19:00:00,Washington,Wizards,Phoenix,Suns,Regular Season,1,0,21.0,8,0,2,0,2,0,0,2,5,-16,7,3,0.429,4,2,0.5,0,0,0.0,116,122,0
1626162,2017,21700122,2017-11-03 19:00:00,Washington,Wizards,Cleveland,Cavaliers,Regular Season,1,0,33.0,21,2,6,5,1,0,1,3,4,-7,14,7,0.5,7,5,0.714,2,2,1.0,122,130,0
1626162,2017,21700139,2017-11-05 18:00:00,Washington,Wizards,Toronto,Raptors,Regular Season,0,1,24.0,10,0,5,5,0,0,1,1,5,0,8,4,0.5,5,2,0.4,0,0,0.0,96,107,0
1626162,2017,21700151,2017-11-07 19:00:00,Washington,Wizards,Dallas,Mavericks,Regular Season,1,0,26.0,9,0,7,7,0,1,0,1,1,-2,11,3,0.273,6,3,0.5,0,0,0.0,99,113,0
1626162,2017,21700164,2017-11-09 19:00:00,Washington,Wizards,Los Angeles,Lakers,Regular Season,1,1,24.0,4,0,7,6,1,0,1,1,3,-3,8,1,0.125,5,0,0.0,2,2,1.0,111,95,0
1626162,2017,21700177,2017-11-11 19:00:00,Washington,Wizards,Atlanta,Hawks,Regular Season,1,1,22.0,18,1,7,4,3,0,1,0,1,9,8,5,0.625,2,0,0.0,9,8,0.889,113,94,0
1626162,2017,21700192,2017-11-13 19:00:00,Washington,Wizards,Sacramento,Kings,Regular Season,1,1,22.0,12,3,8,7,1,0,2,1,1,10,10,5,0.5,4,1,0.25,2,1,0.5,110,92,0
1626162,2017,21700205,2017-11-15 19:30:00,Washington,Wizards,Miami,Heat,Regular Season,0,1,30.0,7,2,5,5,0,0,0,0,1,10,5,2,0.4,2,1,0.5,2,2,1.0,93,102,0
1626162,2017,21700218,2017-11-17 19:00:00,Washington,Wizards,Miami,Heat,Regular Season,1,0,25.0,4,1,4,3,1,0,0,2,2,-2,9,1,0.111,5,0,0.0,2,2,1.0,88,91,0
1626162,2017,21700237,2017-11-19 15:30:00,Washington,Wizards,Toronto,Raptors,Regular Season,0,0,16.0,10,0,2,2,0,1,0,2,3,-5,7,2,0.286,3,2,0.667,8,4,0.5,100,91,0
1626162,2017,21700247,2017-11-20 20:00:00,Washington,Wizards,Milwaukee,Bucks,Regular Season,0,1,22.0,18,0,4,3,1,0,0,0,1,1,8,6,0.75,5,3,0.6,3,3,1.0,88,99,0
1626162,2017,21700253,2017-11-22 19:00:00,Washington,Wizards,Charlotte,Hornets,Regular Season,0,0,23.0,9,1,4,3,1,0,0,1,4,-1,9,3,0.333,3,1,0.333,2,2,1.0,129,124,0
1626162,2017,21700279,2017-11-25 19:00:00,Washington,Wizards,Portland,Trail Blazers,Regular Season,1,0,24.0,13,1,6,4,2,0,2,1,1,-5,12,5,0.417,4,2,0.5,1,1,1.0,105,108,0
1626162,2017,21700300,2017-11-28 20:00:00,Washington,Wizards,Minnesota,Timberwolves,Regular Season,0,1,31.0,16,2,4,4,0,1,2,1,3,16,14,7,0.5,4,0,0.0,4,2,0.5,89,92,0
1626162,2017,21700305,2017-11-29 19:00:00,Washington,Wizards,Philadelphia,76ers,Regular Season,0,0,28.0,22,4,7,5,2,1,1,3,6,5,15,7,0.467,3,1,0.333,7,7,1.0,118,113,0
1626162,2017,21700320,2017-12-01 19:00:00,Washington,Wizards,Detroit,Pistons,Regular Season,1,1,23.0,8,2,7,7,0,0,0,1,3,-4,10,2,0.2,3,1,0.333,3,3,1.0,109,91,0
1626162,2017,21700349,2017-12-04 21:00:00,Washington,Wizards,Utah,Jazz,Regular Season,0,0,27.0,11,0,1,1,0,0,0,2,2,-42,8,2,0.25,3,0,0.0,8,7,0.875,116,69,0
1626162,2017,21700352,2017-12-05 22:00:00,Washington,Wizards,Portland,Trail Blazers,Regular Season,0,1,26.0,14,2,2,2,0,0,5,1,0,6,9,6,0.667,3,2,0.667,0,0,0.0,92,106,0
1626162,2017,21700364,2017-12-07 21:00:00,Washington,Wizards,Phoenix,Suns,Regular Season,0,1,22.0,12,3,7,7,0,1,0,1,5,9,9,3,0.333,3,2,0.667,4,4,1.0,99,109,0
1626162,2017,21700375,2017-12-09 15:30:00,Washington,Wizards,Los Angeles,Clippers,Regular Season,0,0,20.0,0,0,1,1,0,0,0,0,3,-17,5,0,0.0,3,0,0.0,2,0,0.0,113,112,0
1626162,2017,21700400,2017-12-12 19:30:00,Washington,Wizards,Brooklyn,Nets,Regular Season,0,0,30.0,12,0,9,9,0,1,1,2,4,5,10,4,0.4,3,0,0.0,5,4,0.8,103,98,0
1626162,2017,21700406,2017-12-13 19:00:00,Washington,Wizards,Memphis,Grizzlies,Regular Season,1,1,26.0,11,0,4,4,0,1,2,1,4,-4,8,4,0.5,3,1,0.333,3,2,0.667,93,87,0
1626162,2017,21700422,2017-12-15 19:00:00,Washington,Wizards,Los Angeles,Clippers,Regular Season,1,1,34.0,8,1,7,6,1,2,1,0,4,21,9,2,0.222,4,1,0.25,3,3,1.0,100,91,0
1626162,2017,21700440,2017-12-17 18:00:00,Washington,Wizards,Cleveland,Cavaliers,Regular Season,1,0,29.0,11,3,8,7,1,0,0,2,4,4,8,4,0.5,4,1,0.25,2,2,1.0,99,106,0
1626162,2017,21700452,2017-12-19 19:00:00,Washington,Wizards,New Orleans,Pelicans,Regular Season,1,1,29.0,10,1,2,2,0,0,1,0,1,2,8,3,0.375,3,1,0.333,4,3,0.75,116,106,0
1626162,2017,21700473,2017-12-22 19:30:00,Washington,Wizards,Brooklyn,Nets,Regular Season,0,0,28.0,13,0,2,2,0,1,1,2,4,-11,13,5,0.385,3,1,0.333,2,2,1.0,119,84,0
1626162,2017,21700483,2017-12-23 19:00:00,Washington,Wizards,Orlando,Magic,Regular Season,1,1,27.0,16,4,6,6,0,0,0,1,3,19,11,6,0.545,5,3,0.6,1,1,1.0,130,103,0
1626162,2017,21700495,2017-12-25 17:30:00,Washington,Wizards,Boston,Celtics,Regular Season,0,1,31.0,16,2,5,2,3,0,1,2,1,0,13,7,0.538,4,1,0.25,1,1,1.0,103,111,0
1626162,2017,21700508,2017-12-27 19:30:00,Washington,Wizards,Atlanta,Hawks,Regular Season,0,0,22.0,11,1,2,2,0,1,0,0,2,-14,7,4,0.571,5,3,0.6,0,0,0.0,113,99,0
1626162,2017,21700521,2017-12-29 19:00:00,Washington,Wizards,Houston,Rockets,Regular Season,1,1,26.0,21,1,4,1,3,0,3,1,3,24,18,9,0.5,7,3,0.429,0,0,0.0,121,103,0
1626162,2017,21700537,2017-12-31 15:30:00,Washington,Wizards,Chicago,Bulls,Regular Season,1,1,20.0,12,3,5,4,1,0,0,1,5,1,6,4,0.667,4,2,0.5,2,2,1.0,114,110,0
1626162,2017,21700556,2018-01-03 19:00:00,Washington,Wizards,New York,Knicks,Regular Season,1,1,13.0,6,0,3,2,1,1,0,0,4,-2,7,3,0.429,2,0,0.0,0,0,0.0,121,103,0
1626162,2017,21700575,2018-01-05 21:30:00,Washington,Wizards,Memphis,Grizzlies,Regular Season,0,1,16.0,6,0,1,1,0,0,0,2,2,-2,5,2,0.4,1,0,0.0,3,2,0.667,100,102,0
1626162,2017,21700583,2018-01-06 20:00:00,Washington,Wizards,Milwaukee,Bucks,Regular Season,1,0,31.0,14,2,2,2,0,0,2,0,4,1,6,3,0.5,5,2,0.4,6,6,1.0,103,110,0
1626162,2017,21700605,2018-01-10 19:00:00,Washington,Wizards,Utah,Jazz,Regular Season,1,0,24.0,12,0,6,5,1,0,0,2,4,-15,5,4,0.8,3,2,0.667,2,2,1.0,104,107,0
1626162,2017,21700620,2018-01-12 19:00:00,Washington,Wizards,Orlando,Magic,Regular Season,1,1,28.0,10,1,7,5,2,0,1,2,4,2,12,4,0.333,7,2,0.286,0,0,0.0,125,119,0
1626162,2017,21700630,2018-01-13 19:00:00,Washington,Wizards,Brooklyn,Nets,Regular Season,1,1,28.0,17,1,3,3,0,0,1,1,2,1,6,5,0.833,4,3,0.75,5,4,0.8,119,113,0
1626162,2017,21700640,2018-01-15 14:00:00,Washington,Wizards,Milwaukee,Bucks,Regular Season,1,0,34.0,19,0,5,3,2,1,0,2,3,-10,9,5,0.556,5,3,0.6,7,6,0.857,95,104,0
1626162,2017,21700653,2018-01-17 19:00:00,Washington,Wizards,Charlotte,Hornets,Regular Season,0,0,26.0,16,0,5,5,0,0,0,3,4,3,9,5,0.556,5,3,0.6,4,3,0.75,133,109,0
1626162,2017,21700669,2018-01-19 20:00:00,Washington,Wizards,Detroit,Pistons,Regular Season,0,1,31.0,26,1,5,5,0,0,0,1,4,5,14,9,0.643,9,5,0.556,3,3,1.0,112,122,0
1626162,2017,21700693,2018-01-22 20:30:00,Washington,Wizards,Dallas,Mavericks,Regular Season,0,0,31.0,7,1,5,4,1,0,2,0,3,-20,11,2,0.182,5,1,0.2,2,2,1.0,98,75,0
1626162,2017,21700711,2018-01-25 20:00:00,Washington,Wizards,Oklahoma City,Thunder,Regular Season,0,0,24.0,9,0,3,2,1,0,1,1,3,-19,9,4,0.444,5,1,0.2,0,0,0.0,121,112,0
1626162,2017,21700726,2018-01-27 19:30:00,Washington,Wizards,Atlanta,Hawks,Regular Season,0,1,26.0,15,1,4,3,1,0,0,0,3,17,12,6,0.5,5,2,0.4,1,1,1.0,104,129,0
1626162,2017,21700744,2018-01-30 19:00:00,Washington,Wizards,Oklahoma City,Thunder,Regular Season,1,1,22.0,10,2,2,2,0,0,0,2,4,-17,7,2,0.286,5,2,0.4,4,4,1.0,102,96,0
1626162,2017,21700762,2018-02-01 19:00:00,Washington,Wizards,Toronto,Raptors,Regular Season,1,1,22.0,7,0,1,0,1,0,0,2,2,2,8,3,0.375,4,1,0.25,0,0,0.0,122,119,0
1626162,2017,21700778,2018-02-03 19:00:00,Washington,Wizards,Orlando,Magic,Regular Season,0,1,26.0,6,1,1,1,0,0,4,0,3,-14,10,2,0.2,4,0,0.0,2,2,1.0,98,115,0
1626162,2017,21700791,2018-02-05 19:00:00,Washington,Wizards,Indiana,Pacers,Regular Season,0,1,32.0,15,2,7,7,0,1,1,0,1,-5,9,4,0.444,4,1,0.25,8,6,0.75,102,111,0
1626162,2017,21700802,2018-02-06 20:00:00,Washington,Wizards,Philadelphia,76ers,Regular Season,0,0,32.0,10,0,4,3,1,0,3,1,3,6,13,4,0.308,6,0,0.0,2,2,1.0,115,102,0
1626162,2017,21700813,2018-02-08 20:00:00,Washington,Wizards,Boston,Celtics,Regular Season,1,0,32.0,11,0,6,3,3,0,0,2,2,-9,10,3,0.3,4,2,0.5,4,3,0.75,104,110,0
1626162,2017,21700829,2018-02-10 20:00:00,Washington,Wizards,Chicago,Bulls,Regular Season,0,1,39.0,11,3,8,8,0,1,0,2,2,23,14,3,0.214,10,3,0.3,2,2,1.0,90,101,0
1626162,2017,21700857,2018-02-14 19:30:00,Washington,Wizards,New York,Knicks,Regular Season,0,1,27.0,2,1,4,4,0,0,0,1,1,-1,6,1,0.167,4,0,0.0,0,0,0.0,113,118,0
1626162,2017,21700869,2018-02-22 20:00:00,Washington,Wizards,Cleveland,Cavaliers,Regular Season,0,1,32.0,17,2,5,5,0,0,2,0,2,15,12,6,0.5,6,3,0.5,2,2,1.0,103,110,0
1626162,2017,21700875,2018-02-23 19:00:00,Washington,Wizards,Charlotte,Hornets,Regular Season,1,0,30.0,11,1,2,2,0,0,0,0,2,-6,11,5,0.455,4,1,0.25,0,0,0.0,105,122,0
1626162,2017,21700895,2018-02-25 20:00:00,Washington,Wizards,Philadelphia,76ers,Regular Season,1,1,31.0,19,3,2,2,0,3,1,0,5,3,11,6,0.545,7,4,0.571,4,3,0.75,109,94,0
1626162,2017,21700910,2018-02-27 20:00:00,Washington,Wizards,Milwaukee,Bucks,Regular Season,0,1,23.0,13,1,4,3,1,1,1,1,3,-7,13,5,0.385,2,0,0.0,3,3,1.0,104,107,0
1626162,2017,21700917,2018-02-28 20:00:00,Washington,Wizards,Golden State,Warriors,Regular Season,1,0,34.0,17,3,4,2,2,1,0,2,5,11,16,4,0.25,8,2,0.25,9,7,0.778,101,109,0
1626162,2017,21700929,2018-03-02 20:00:00,Washington,Wizards,Toronto,Raptors,Regular Season,1,0,21.0,5,2,5,4,1,0,0,2,5,-19,8,2,0.25,6,1,0.167,0,0,0.0,95,102,0
1626162,2017,21700945,2018-03-04 18:00:00,Washington,Wizards,Indiana,Pacers,Regular Season,1,0,0.0,0,0,0,0,0,0,0,0,0,0,0,0,0.0,0,0,0.0,0,0,0.0,95,98,0
1626162,2017,21700959,2018-03-06 19:00:00,Washington,Wizards,Miami,Heat,Regular Season,1,1,27.0,14,1,2,2,0,1,2,2,4,-10,8,3,0.375,6,2,0.333,6,6,1.0,117,113,0
1626162,2017,21700982,2018-03-09 20:00:00,Washington,Wizards,New Orleans,Pelicans,Regular Season,0,1,33.0,11,2,6,6,0,0,4,0,3,11,14,4,0.286,5,1,0.2,2,2,1.0,97,116,0
1626162,2017,21700988,2018-03-10 19:30:00,Washington,Wizards,Miami,Heat,Regular Season,0,0,28.0,11,0,6,6,0,0,2,1,4,-9,7,2,0.286,4,1,0.25,8,6,0.75,129,102,0
1626162,2017,21701006,2018-03-13 19:00:00,Washington,Wizards,Minnesota,Timberwolves,Regular Season,1,0,15.0,8,1,1,1,0,0,0,2,0,-15,5,2,0.4,3,1,0.333,4,3,0.75,111,116,0
1626162,2017,21701017,2018-03-14 20:00:00,Washington,Wizards,Boston,Celtics,Regular Season,0,1,25.0,8,1,3,3,0,0,2,1,3,-7,6,2,0.333,3,2,0.667,2,2,1.0,124,125,0
1626162,2017,21701035,2018-03-17 19:00:00,Washington,Wizards,Indiana,Pacers,Regular Season,1,1,18.0,16,0,2,1,1,0,2,0,1,-12,11,6,0.545,4,2,0.5,2,2,1.0,109,102,0
1626162,2017,21701071,2018-03-21 21:30:00,Washington,Wizards,San Antonio,Spurs,Regular Season,0,0,33.0,21,3,6,4,2,2,2,2,2,0,17,9,0.529,6,3,0.5,0,0,0.0,98,90,0
1626162,2017,21701079,2018-03-23 19:00:00,Washington,Wizards,Denver,Nuggets,Regular Season,1,0,27.0,15,2,5,4,1,1,1,1,5,-12,11,5,0.455,6,3,0.5,4,2,0.5,100,108,0
1626162,2017,21701098,2018-03-25 18:00:00,Washington,Wizards,New York,Knicks,Regular Season,1,0,26.0,13,0,5,2,3,0,1,0,2,-8,14,6,0.429,6,0,0.0,3,1,0.333,97,101,0
1626162,2017,21701108,2018-03-27 19:00:00,Washington,Wizards,San Antonio,Spurs,Regular Season,1,1,28.0,12,4,9,7,2,1,0,0,5,16,9,4,0.444,4,0,0.0,4,4,1.0,116,106,0
1626162,2017,21701124,2018-03-29 19:00:00,Washington,Wizards,Detroit,Pistons,Regular Season,0,0,32.0,14,3,4,4,0,1,1,0,2,-13,12,5,0.417,4,0,0.0,5,4,0.8,103,92,0
1626162,2017,21701138,2018-03-31 15:00:00,Washington,Wizards,Charlotte,Hornets,Regular Season,1,1,27.0,9,1,5,5,0,1,2,1,2,6,14,2,0.143,9,1,0.111,5,4,0.8,107,93,0
1626162,2017,21701144,2018-04-01 15:30:00,Washington,Wizards,Chicago,Bulls,Regular Season,0,0,15.0,4,1,0,0,0,0,0,2,2,-10,8,2,0.25,3,0,0.0,0,0,0.0,113,94,0
1626162,2017,21701161,2018-04-03 20:00:00,Washington,Wizards,Houston,Rockets,Regular Season,0,0,33.0,11,2,4,4,0,0,1,1,3,-11,11,2,0.182,7,1,0.143,10,6,0.6,120,104,0
1626162,2017,21701176,2018-04-05 20:00:00,Washington,Wizards,Cleveland,Cavaliers,Regular Season,0,0,23.0,6,0,2,0,2,1,2,0,3,-5,9,2,0.222,2,0,0.0,4,2,0.5,119,115,0
1626162,2017,21701184,2018-04-06 19:00:00,Washington,Wizards,Atlanta,Hawks,Regular Season,1,0,31.0,13,2,7,7,0,1,3,4,1,-19,13,3,0.231,7,3,0.429,4,4,1.0,97,103,0
1626162,2017,21701215,2018-04-10 20:00:00,Washington,Wizards,Boston,Celtics,Regular Season,1,1,29.0,11,2,5,5,0,0,2,2,3,12,8,4,0.5,4,3,0.75,0,0,0.0,113,101,0
1626162,2017,21701222,2018-04-11 20:00:00,Washington,Wizards,Orlando,Magic,Regular Season,0,0,26.0,9,1,0,0,0,0,0,2,5,-15,10,3,0.3,7,2,0.286,1,1,1.0,101,92,0
1626162,2017,41700101,2018-04-14 17:30:00,Washington,Wizards,Toronto,Raptors,Playoffs,0,0,16.0,3,1,5,5,0,0,1,2,3,-5,4,1,0.25,2,1,0.5,0,0,0.0,114,106,0
1626162,2017,41700102,2018-04-17 19:00:00,Washington,Wizards,Toronto,Raptors,Playoffs,0,0,30.0,14,1,5,4,1,1,1,1,2,-1,11,6,0.545,3,1,0.333,2,1,0.5,130,119,0
1626162,2017,41700103,2018-04-20 20:00:00,Washington,Wizards,Toronto,Raptors,Playoffs,1,1,25.0,12,0,4,4,0,2,1,1,2,13,9,5,0.556,3,0,0.0,2,2,1.0,122,103,0
1626162,2017,41700104,2018-04-22 18:00:00,Washington,Wizards,Toronto,Raptors,Playoffs,1,1,23.0,10,2,5,5,0,0,2,1,2,5,6,2,0.333,1,0,0.0,7,6,0.857,106,98,0
1626162,2017,41700105,2018-04-25 19:00:00,Washington,Wizards,Toronto,Raptors,Playoffs,0,0,25.0,14,0,1,1,0,0,1,0,3,-9,11,3,0.273,7,1,0.143,7,7,1.0,108,98,0
1626162,2017,41700106,2018-04-27 19:00:00,Washington,Wizards,Toronto,Raptors,Playoffs,1,0,26.0,3,0,3,3,0,0,0,0,4,1,7,1,0.143,3,1,0.333,0,0,0.0,92,102,0
1626162,2018,11800013,2018-10-01 19:00:00,Washington,Wizards,New York,Knicks,Preseason,1,0,0.0,0,0,0,0,0,0,0,0,0,0,0,0,,0,0,,0,0,,121,124,0
1626162,2018,11800031,2018-10-05 19:00:00,Washington,Wizards,Miami,Heat,Preseason,1,1,0.0,0,0,0,0,0,0,0,0,0,0,0,0,,0,0,,0,0,,121,114,0
1626162,2018,11800052,2018-10-08 19:30:00,Washington,Wizards,New York,Knicks,Preseason,0,1,25.0,13,1,3,3,0,0,1,2,3,-12,13,5,0.385,7,2,0.286,2,1,0.5,98,110,0
1626162,2018,11800058,2018-10-10 19:00:00,Washington,Wizards,Detroit,Pistons,Preseason,0,1,19.0,2,0,4,4,0,1,1,0,3,7,6,1,0.167,4,0,0.0,0,0,0.0,97,102,0
1626162,2018,21800015,2018-10-18 20:00:00,Washington,Wizards,Miami,Heat,Regular Season,1,0,20.0,9,0,6,4,2,1,0,1,1,-3,8,2,0.25,3,0,0.0,6,5,0.833,112,113,0
1626162,2018,21800027,2018-10-20 19:00:00,Washington,Wizards,Toronto,Raptors,Regular Season,1,0,19.0,8,0,6,5,1,0,0,2,1,-3,8,3,0.375,4,1,0.25,1,1,1.0,113,117,0
1626162,2018,21800046,2018-10-22 22:00:00,Washington,Wizards,Portland,Trail Blazers,Regular Season,0,1,39.0,22,0,6,5,1,1,1,0,5,6,13,9,0.692,3,3,1.0,1,1,1.0,124,125,0
1626162,2018,21800062,2018-10-24 22:30:00,Washington,Wizards,Golden State,Warriors,Regular Season,0,0,29.0,17,0,4,3,1,0,0,3,3,-26,10,5,0.5,6,3,0.5,4,4,1.0,144,122,0
1626162,2018,21800073,2018-10-26 22:00:00,Washington,Wizards,Sacramento,Kings,Regular Season,0,0,28.0,22,2,9,8,1,1,1,1,2,0,13,8,0.615,8,5,0.625,1,1,1.0,116,112,0
1626162,2018,21800086,2018-10-28 21:30:00,Washington,Wizards,Los Angeles,Clippers,Regular Season,0,0,25.0,9,1,4,4,0,0,0,3,1,-18,12,2,0.167,7,1,0.143,4,4,1.0,136,104,0
1626162,2018,21800102,2018-10-30 20:00:00,Washington,Wizards,Memphis,Grizzlies,Regular Season,0,0,28.0,16,1,2,1,1,1,2,2,3,-2,10,4,0.4,5,1,0.2,8,7,0.875,107,95,0
1626162,2018,21800119,2018-11-02 20:00:00,Washington,Wizards,Oklahoma City,Thunder,Regular Season,1,0,32.0,14,0,4,3,1,2,0,2,3,-30,17,6,0.353,6,0,0.0,3,2,0.667,111,134,0
1626162,2018,21800135,2018-11-04 18:00:00,Washington,Wizards,New York,Knicks,Regular Season,1,1,24.0,9,1,4,4,0,1,1,1,2,0,8,3,0.375,3,1,0.333,4,2,0.5,108,95,0
1626162,2018,21800150,2018-11-06 20:30:00,Washington,Wizards,Dallas,Mavericks,Regular Season,0,0,22.0,6,1,2,2,0,0,0,0,2,-10,10,3,0.3,5,0,0.0,0,0,0.0,119,100,0
1626162,2018,21800167,2018-11-09 19:00:00,Washington,Wizards,Orlando,Magic,Regular Season,0,0,25.0,19,0,4,3,1,0,2,0,2,-9,10,6,0.6,5,2,0.4,6,5,0.833,117,108,0
1626162,2018,21800177,2018-11-10 20:00:00,Washington,Wizards,Miami,Heat,Regular Season,0,1,18.0,5,1,3,3,0,1,2,2,3,6,6,2,0.333,4,1,0.25,0,0,0.0,110,116,0
1626162,2018,21800190,2018-11-12 19:00:00,Washington,Wizards,Orlando,Magic,Regular Season,1,1,21.0,1,1,3,2,1,0,1,0,1,12,5,0,0.0,3,0,0.0,2,1,0.5,117,109,0
1626162,2018,21800203,2018-11-14 19:00:00,Washington,Wizards,Cleveland,Cavaliers,Regular Season,1,1,18.0,8,1,7,7,0,1,1,2,0,14,12,3,0.25,5,0,0.0,3,2,0.667,119,95,0
1626162,2018,21800219,2018-11-16 19:00:00,Washington,Wizards,Brooklyn,Nets,Regular Season,1,0,27.0,18,1,4,4,0,0,1,0,2,1,6,5,0.833,2,1,0.5,8,7,0.875,104,115,0
1626162,2018,21800237,2018-11-18 18:00:00,Washington,Wizards,Portland,Trail Blazers,Regular Season,1,0,29.0,19,4,4,3,1,2,1,0,3,14,14,7,0.5,6,2,0.333,4,3,0.75,109,119,0
1626162,2018,21800249,2018-11-20 19:00:00,Washington,Wizards,Los Angeles,Clippers,Regular Season,1,1,12.0,3,0,1,1,0,0,1,1,5,-8,4,1,0.25,1,1,1.0,0,0,0.0,125,118,0
1626162,2018,21800271,2018-11-23 19:30:00,Washington,Wizards,Toronto,Raptors,Regular Season,0,0,24.0,13,1,6,5,1,0,0,0,4,-6,14,5,0.357,6,0,0.0,3,3,1.0,125,107,0
1626162,2018,21800280,2018-11-24 20:00:00,Washington,Wizards,New Orleans,Pelicans,Regular Season,1,1,22.0,12,1,4,4,0,2,3,1,1,6,11,5,0.455,5,2,0.4,0,0,0.0,124,114,0
1626162,2018,21800296,2018-11-26 19:00:00,Washington,Wizards,Houston,Rockets,Regular Season,1,1,19.0,4,0,4,4,0,1,0,1,3,-14,7,2,0.286,4,0,0.0,0,0,0.0,135,131,0
1626162,2018,21800312,2018-11-28 20:00:00,Washington,Wizards,New Orleans,Pelicans,Regular Season,0,0,34.0,22,0,6,4,2,1,2,0,1,-14,18,9,0.5,8,4,0.5,1,0,0.0,125,104,0
1626162,2018,21800322,2018-11-30 19:00:00,Washington,Wizards,Philadelphia,76ers,Regular Season,0,0,23.0,6,0,6,5,1,0,0,0,1,-30,10,2,0.2,4,1,0.25,2,1,0.5,123,98,0
1626162,2018,21800333,2018-12-01 19:00:00,Washington,Wizards,Brooklyn,Nets,Regular Season,1,1,21.0,5,0,3,3,0,0,0,2,4,-1,5,2,0.4,2,1,0.5,0,0,0.0,102,88,0
1626162,2018,21800346,2018-12-03 19:30:00,Washington,Wizards,New York,Knicks,Regular Season,0,1,31.0,21,1,5,4,1,3,1,1,1,-5,11,8,0.727,6,5,0.833,0,0,0.0,107,110,0
1626162,2018,21800357,2018-12-05 19:30:00,Washington,Wizards,Atlanta,Hawks,Regular Season,0,1,24.0,19,0,5,4,1,0,3,2,5,11,10,5,0.5,5,2,0.4,8,7,0.875,117,131,0
1626162,2018,21800381,2018-12-08 19:30:00,Washington,Wizards,Cleveland,Cavaliers,Regular Season,0,0,23.0,13,2,4,2,2,0,0,0,2,-17,12,4,0.333,3,0,0.0,5,5,1.0,116,101,0
1626162,2018,21800391,2018-12-10 19:00:00,Washington,Wizards,Indiana,Pacers,Regular Season,0,0,37.0,23,1,5,3,2,1,3,1,3,4,14,9,0.643,3,1,0.333,7,4,0.571,109,101,0
1626162,2018,21800409,2018-12-12 19:00:00,Washington,Wizards,Boston,Celtics,Regular Season,1,0,38.0,20,0,2,0,2,1,1,2,4,-1,15,7,0.467,8,3,0.375,4,3,0.75,125,130,0
1626162,2018,21800422,2018-12-14 19:30:00,Washington,Wizards,Brooklyn,Nets,Regular Season,0,0,28.0,10,0,6,5,1,0,0,0,3,-7,12,5,0.417,2,0,0.0,0,0,0.0,125,118,0
1626162,2018,21800458,2018-12-19 19:30:00,Phoenix,Suns,Boston,Celtics,Regular Season,0,1,26.0,13,1,6,6,0,2,1,1,2,12,12,4,0.333,4,2,0.5,4,3,0.75,103,111,0
1626162,2018,21800480,2018-12-22 19:00:00,Phoenix,Suns,Washington,Wizards,Regular Season,0,0,42.0,20,0,5,4,1,0,1,1,3,-7,14,6,0.429,8,3,0.375,6,5,0.833,149,146,0
1626162,2018,21800489,2018-12-23 18:00:00,Phoenix,Suns,Brooklyn,Nets,Regular Season,0,0,19.0,7,3,2,2,0,1,0,2,0,-7,4,2,0.5,1,1,1.0,2,2,1.0,111,103,0
1626162,2018,21800503,2018-12-26 19:00:00,Phoenix,Suns,Orlando,Magic,Regular Season,0,1,30.0,19,2,2,2,0,1,1,2,3,15,13,6,0.462,6,3,0.5,4,4,1.0,120,122,0
1626162,2018,21800525,2018-12-28 21:00:00,Phoenix,Suns,Oklahoma City,Thunder,Regular Season,1,0,24.0,4,0,1,1,0,1,1,2,4,-3,8,2,0.25,4,0,0.0,0,0,0.0,102,118,0
1626162,2018,21800533,2018-12-29 21:00:00,Phoenix,Suns,Denver,Nuggets,Regular Season,1,0,12.0,4,1,5,5,0,2,1,0,2,-5,5,2,0.4,1,0,0.0,1,0,0.0,118,122,0
1626162,2018,21800548,2018-12-31 21:00:00,Phoenix,Suns,Golden State,Warriors,Regular Season,1,0,21.0,15,0,3,2,1,0,0,1,4,-12,12,6,0.5,4,1,0.25,2,2,1.0,109,132,0
1626162,2018,21800561,2019-01-02 21:00:00,Phoenix,Suns,Philadelphia,76ers,Regular Season,1,0,23.0,9,0,0,0,0,0,0,2,3,-2,8,4,0.5,4,1,0.25,0,0,0.0,127,132,0
1626162,2018,21800573,2019-01-04 21:00:00,Phoenix,Suns,Los Angeles,Clippers,Regular Season,1,0,23.0,8,0,3,3,0,2,0,1,3,-16,7,3,0.429,3,2,0.667,0,0,0.0,111,121,0
1626162,2018,21800590,2019-01-06 20:00:00,Phoenix,Suns,Charlotte,Hornets,Regular Season,1,0,17.0,6,1,2,2,0,0,0,1,3,-11,6,2,0.333,2,0,0.0,2,2,1.0,113,119,0
1626162,2018,21800604,2019-01-08 21:00:00,Phoenix,Suns,Sacramento,Kings,Regular Season,1,1,30.0,26,4,5,4,1,1,3,2,1,6,15,9,0.6,6,3,0.5,6,5,0.833,115,111,0
1626162,2018,21800613,2019-01-09 20:30:00,Phoenix,Suns,Dallas,Mavericks,Regular Season,0,0,32.0,14,1,1,1,0,1,2,3,2,-6,14,6,0.429,4,0,0.0,4,2,0.5,104,94,0
1626162,2018,21800635,2019-01-12 21:00:00,Phoenix,Suns,Denver,Nuggets,Regular Season,1,1,29.0,26,3,11,8,3,1,2,3,1,9,17,9,0.529,7,4,0.571,6,4,0.667,102,93,0
1626162,2018,21800651,2019-01-15 19:00:00,Phoenix,Suns,Indiana,Pacers,Regular Season,0,0,24.0,16,2,5,4,1,1,1,0,4,1,13,7,0.538,5,1,0.2,6,1,0.167,131,97,0
1626162,2018,21800668,2019-01-17 19:30:00,Phoenix,Suns,Toronto,Raptors,Regular Season,0,0,29.0,18,1,9,4,5,0,0,2,2,-2,16,3,0.188,6,1,0.167,13,11,0.846,111,109,0
1626162,2018,21800679,2019-01-19 17:00:00,Phoenix,Suns,Charlotte,Hornets,Regular Season,0,0,30.0,24,1,3,2,1,2,1,2,3,1,15,9,0.6,8,4,0.5,3,2,0.667,135,115,0
1626162,2018,21800689,2019-01-20 19:00:00,Phoenix,Suns,Minnesota,Timberwolves,Regular Season,0,0,28.0,18,0,8,6,2,0,2,2,5,1,12,7,0.583,7,4,0.571,0,0,0.0,116,114,0
1626162,2018,21800705,2019-01-22 21:00:00,Phoenix,Suns,Minnesota,Timberwolves,Regular Season,1,0,26.0,13,0,3,3,0,3,1,3,3,-13,10,5,0.5,7,2,0.286,2,1,0.5,91,118,0
1626162,2018,21800718,2019-01-24 21:00:00,Phoenix,Suns,Portland,Trail Blazers,Regular Season,1,0,34.0,18,7,6,3,3,3,2,2,5,-6,18,6,0.333,6,1,0.167,5,5,1.0,106,120,0
1626162,2018,21800728,2019-01-25 21:00:00,Phoenix,Suns,Denver,Nuggets,Regular Season,0,0,31.0,13,3,3,3,0,2,0,1,4,-13,14,5,0.357,6,1,0.167,2,2,1.0,132,95,0
1626162,2018,21800743,2019-01-27 21:30:00,Phoenix,Suns,Los Angeles,Lakers,Regular Season,0,0,31.0,17,2,5,4,1,1,1,2,2,-1,14,4,0.286,6,2,0.333,8,7,0.875,116,102,0
1626162,2018,21800754,2019-01-29 20:30:00,Phoenix,Suns,San Antonio,Spurs,Regular Season,0,0,31.0,14,1,7,6,1,1,0,2,4,-1,14,5,0.357,6,1,0.167,3,3,1.0,126,124,0
1626162,2018,21800784,2019-02-02 21:00:00,Phoenix,Suns,Atlanta,Hawks,Regular Season,1,0,29.0,11,0,6,4,2,1,4,0,1,-10,16,5,0.313,7,1,0.143,0,0,0.0,112,118,0
1626162,2018,21800794,2019-02-04 21:00:00,Phoenix,Suns,Houston,Rockets,Regular Season,1,0,35.0,23,2,3,2,1,1,3,2,3,8,13,9,0.692,4,3,0.75,3,2,0.667,110,118,0
1626162,2018,21800808,2019-02-06 21:00:00,Phoenix,Suns,Utah,Jazz,Regular Season,0,0,32.0,16,3,4,4,0,1,1,3,3,-31,10,5,0.5,3,0,0.0,7,6,0.857,116,88,0
1626162,2018,21800822,2019-02-08 21:00:00,Phoenix,Suns,Golden State,Warriors,Regular Season,1,0,34.0,25,4,12,6,6,0,3,0,2,-29,19,9,0.474,4,0,0.0,9,7,0.778,107,117,0
1626162,2018,21800836,2019-02-10 18:00:00,Phoenix,Suns,Sacramento,Kings,Regular Season,0,0,20.0,7,1,3,3,0,0,1,2,3,-5,10,3,0.3,3,0,0.0,3,1,0.333,117,104,0
1626162,2018,21800863,2019-02-13 22:30:00,Phoenix,Suns,Los Angeles,Clippers,Regular Season,0,0,31.0,28,2,5,3,2,0,0,2,2,-3,16,10,0.625,7,3,0.429,6,5,0.833,134,107,0
1626162,2018,21800867,2019-02-21 19:00:00,Phoenix,Suns,Cleveland,Cavaliers,Regular Season,0,0,40.0,23,1,4,4,0,2,3,1,3,-8,16,8,0.5,9,4,0.444,4,3,0.75,111,98,0
1626162,2018,21800883,2019-02-23 19:00:00,Phoenix,Suns,Atlanta,Hawks,Regular Season,0,0,35.0,14,1,3,3,0,0,2,3,6,-13,19,5,0.263,9,3,0.333,2,1,0.5,120,112,0
1626162,2018,21800901,2019-02-25 19:30:00,Phoenix,Suns,Miami,Heat,Regular Season,0,1,25.0,16,1,8,7,1,0,1,1,0,-3,11,6,0.545,4,1,0.25,4,3,0.75,121,124,0
1626162,2018,21800932,2019-03-01 21:00:00,Phoenix,Suns,New Orleans,Pelicans,Regular Season,1,0,30.0,19,2,5,3,2,0,4,2,4,-19,22,8,0.364,8,1,0.125,3,2,0.667,116,130,0
1626162,2018,21800942,2019-03-02 21:00:00,Phoenix,Suns,Los Angeles,Lakers,Regular Season,1,1,29.0,14,4,5,5,0,1,1,2,2,14,10,6,0.6,4,2,0.5,0,0,0.0,118,109,0
1626162,2018,21800955,2019-03-04 21:00:00,Phoenix,Suns,Milwaukee,Bucks,Regular Season,1,1,32.0,27,1,13,8,5,3,1,2,1,20,14,7,0.5,3,1,0.333,17,12,0.706,114,105,0
1626162,2018,21800972,2019-03-06 21:00:00,Phoenix,Suns,New York,Knicks,Regular Season,1,1,28.0,18,1,4,4,0,1,2,1,4,8,15,7,0.467,5,2,0.4,3,2,0.667,107,96,0
1626162,2018,21800991,2019-03-09 22:00:00,Phoenix,Suns,Portland,Trail Blazers,Regular Season,0,0,29.0,17,1,7,4,3,1,2,0,5,2,17,6,0.353,4,0,0.0,5,5,1.0,127,120,0
1626162,2018,21801000,2019-03-10 20:30:00,Phoenix,Suns,Golden State,Warriors,Regular Season,0,1,32.0,22,1,5,4,1,1,1,6,1,6,14,9,0.643,5,4,0.8,0,0,0.0,111,115,0
1626162,2018,21801019,2019-03-13 22:00:00,Phoenix,Suns,Utah,Jazz,Regular Season,1,0,31.0,18,2,4,3,1,0,1,2,1,-27,15,8,0.533,3,0,0.0,4,2,0.5,97,114,0
1626162,2018,21801030,2019-03-15 20:00:00,Phoenix,Suns,Houston,Rockets,Regular Season,0,0,35.0,22,2,4,3,1,2,5,3,2,1,14,8,0.571,5,3,0.6,3,3,1.0,108,102,0
1626162,2018,21801036,2019-03-16 19:00:00,Phoenix,Suns,New Orleans,Pelicans,Regular Season,0,1,43.0,32,2,6,4,2,0,2,4,4,5,25,12,0.48,8,2,0.25,7,6,0.857,136,138,0
1626162,2019,11900022,2019-10-08 22:00:00,Phoenix,Suns,Minnesota,Timberwolves,Preseason,1,1,0.0,0,0,0,0,0,0,0,0,0,0,0,0,0.0,0,0,0.0,0,0,0.0,111,106,0
1626162,2019,11900034,2019-10-10 22:00:00,Phoenix,Suns,Sacramento,Kings,Preseason,0,0,18.0,8,1,3,3,0,0,2,1,2,-22,9,0,0.0,5,0,0.0,10,8,0.8,105,88,0
1626162,2019,11900045,2019-10-12 20:00:00,Phoenix,Suns,Portland,Trail Blazers,Preseason,0,1,18.0,19,1,3,3,0,1,1,2,2,3,11,5,0.455,5,3,0.6,6,6,1.0,118,134,0
1626162,2019,11900056,2019-10-14 22:00:00,Phoenix,Suns,Denver,Nuggets,Preseason,1,0,23.0,11,1,4,3,1,1,1,1,5,-12,11,3,0.273,4,0,0.0,6,5,0.833,102,107,0
1626162,2019,21900012,2019-10-23 22:00:00,Phoenix,Suns,Sacramento,Kings,Regular Season,1,1,30.0,21,1,9,7,2,2,1,2,1,19,17,8,0.471,6,1,0.167,4,4,1.0,124,95,0
1626162,2019,21900023,2019-10-25 21:00:00,Phoenix,Suns,Denver,Nuggets,Regular Season,0,0,36.0,23,2,8,6,2,0,2,2,6,-11,12,7,0.583,5,3,0.6,6,6,1.0,108,107,0
1626162,2019,21900035,2019-10-26 22:00:00,Phoenix,Suns,Los Angeles,Clippers,Regular Season,1,1,21.0,20,1,5,3,2,1,3,1,5,13,10,5,0.5,2,1,0.5,9,9,1.0,130,122,0
1626162,2019,21900049,2019-10-28 22:00:00,Phoenix,Suns,Utah,Jazz,Regular Season,1,0,34.0,18,3,3,3,0,1,2,0,2,-5,19,7,0.368,8,2,0.25,4,2,0.5,95,96,0
1626162,2019,21900065,2019-10-30 22:30:00,Phoenix,Suns,Golden State,Warriors,Regular Season,0,1,32.0,11,0,7,5,2,1,0,2,4,16,10,5,0.5,2,1,0.5,0,0,0.0,110,121,0
1626162,2019,21900081,2019-11-02 20:00:00,Phoenix,Suns,Memphis,Grizzlies,Regular Season,0,1,28.0,15,3,4,2,2,0,0,1,4,16,14,7,0.5,3,1,0.333,0,0,0.0,105,114,0
1626162,2019,21900095,2019-11-04 21:00:00,Phoenix,Suns,Philadelphia,76ers,Regular Season,1,1,32.0,14,1,6,5,1,1,0,3,3,0,9,5,0.556,2,1,0.5,6,3,0.5,114,109,0
1626162,2019,21900114,2019-11-07 21:00:00,Phoenix,Suns,Miami,Heat,Regular Season,1,0,25.0,15,3,2,1,1,2,0,1,3,4,10,5,0.5,1,1,1.0,7,4,0.571,108,124,0
1626162,2019,21900137,2019-11-10 20:00:00,Phoenix,Suns,Brooklyn,Nets,Regular Season,1,1,30.0,18,0,5,4,1,0,1,2,2,23,11,6,0.545,4,2,0.5,4,4,1.0,138,112,0
1626162,2019,21900151,2019-11-12 21:00:00,Phoenix,Suns,Los Angeles,Lakers,Regular Season,1,0,19.0,1,1,4,3,1,0,0,2,3,0,5,0,0.0,4,0,0.0,2,1,0.5,115,123,0
1626162,2019,21900165,2019-11-14 21:00:00,Phoenix,Suns,Atlanta,Hawks,Regular Season,1,1,35.0,30,3,7,6,1,0,2,2,3,14,18,10,0.556,8,2,0.25,10,8,0.8,128,112,0
1626162,2019,21900195,2019-11-18 21:00:00,Phoenix,Suns,Boston,Celtics,Regular Season,1,0,33.0,15,1,6,6,0,1,1,3,2,-11,13,5,0.385,5,1,0.2,6,4,0.667,85,99,0
1626162,2019,21900200,2019-11-19 22:00:00,Phoenix,Suns,Sacramento,Kings,Regular Season,0,0,37.0,20,2,8,6,2,0,5,1,3,-6,17,8,0.471,4,1,0.25,3,3,1.0,120,116,0
1626162,2019,21900214,2019-11-21 22:30:00,Phoenix,Suns,New Orleans,Pelicans,Regular Season,1,0,35.0,25,4,6,3,3,0,0,1,2,-4,17,7,0.412,4,2,0.5,9,9,1.0,121,124,0
1626162,2019,21900225,2019-11-23 17:00:00,Phoenix,Suns,Minnesota,Timberwolves,Regular Season,0,1,38.0,25,1,11,9,2,0,4,2,3,-12,17,7,0.412,6,3,0.5,9,8,0.889,98,100,0
1626162,2019,21900238,2019-11-24 20:00:00,Phoenix,Suns,Denver,Nuggets,Regular Season,0,0,29.0,10,2,3,2,1,0,1,1,2,-22,12,4,0.333,4,0,0.0,2,2,1.0,116,104,0
1626162,2019,21900263,2019-11-27 21:00:00,Phoenix,Suns,Washington,Wizards,Regular Season,1,0,17.0,12,0,3,3,0,0,0,3,4,-16,9,5,0.556,3,2,0.667,0,0,0.0,132,140,0
1626162,2019,21900277,2019-11-29 21:00:00,Phoenix,Suns,Dallas,Mavericks,Regular Season,1,0,40.0,22,3,10,9,1,1,2,1,6,-8,17,8,0.471,8,4,0.5,4,2,0.5,113,120,0
1626162,2019,21900293,2019-12-02 19:00:00,Phoenix,Suns,Charlotte,Hornets,Regular Season,0,1,37.0,23,0,3,3,0,1,2,0,2,11,17,8,0.471,9,2,0.222,7,5,0.714,104,109,0
1626162,2019,21900308,2019-12-04 19:00:00,Phoenix,Suns,Orlando,Magic,Regular Season,0,0,23.0,8,2,3,2,1,0,2,0,4,-2,8,3,0.375,3,1,0.333,2,1,0.5,128,114,0
1626162,2019,21900319,2019-12-05 20:00:00,Phoenix,Suns,New Orleans,Pelicans,Regular Season,0,1,47.0,14,1,15,9,6,4,3,3,4,-5,21,6,0.286,4,1,0.25,3,1,0.333,132,139,0
1626162,2019,21900333,2019-12-07 20:00:00,Phoenix,Suns,Houston,Rockets,Regular Season,0,0,40.0,19,0,5,5,0,1,0,3,4,-7,18,7,0.389,6,1,0.167,7,4,0.571,115,109,0
1626162,2019,21900349,2019-12-09 21:00:00,Phoenix,Suns,Minnesota,Timberwolves,Regular Season,1,1,33.0,24,0,4,3,1,1,0,1,4,16,15,8,0.533,6,2,0.333,6,6,1.0,125,109,0
1626162,2019,21900363,2019-12-11 21:00:00,Phoenix,Suns,Memphis,Grizzlies,Regular Season,1,0,37.0,14,0,13,11,2,4,1,2,3,2,13,5,0.385,4,1,0.25,3,3,1.0,108,115,0
1626162,2019,21900380,2019-12-14 17:00:00,Phoenix,Suns,San Antonio,Spurs,Regular Season,1,0,40.0,17,0,8,8,0,0,1,0,4,9,15,5,0.333,7,2,0.286,5,5,1.0,119,121,0
1626162,2019,21900400,2019-12-16 21:00:00,Phoenix,Suns,Portland,Trail Blazers,Regular Season,1,0,36.0,24,2,0,0,0,1,3,3,3,-7,21,10,0.476,7,3,0.429,1,1,1.0,110,111,0
1626162,2019,21900406,2019-12-17 22:30:00,Phoenix,Suns,Los Angeles,Clippers,Regular Season,0,0,29.0,19,1,4,3,1,1,3,5,4,-11,14,8,0.571,5,3,0.6,1,0,0.0,120,99,0
1626162,2019,21900426,2019-12-20 20:00:00,Phoenix,Suns,Oklahoma City,Thunder,Regular Season,0,0,32.0,13,2,4,4,0,0,1,0,3,-13,10,3,0.3,6,2,0.333,6,5,0.833,126,108,0
1626162,2019,21900437,2019-12-21 21:00:00,Phoenix,Suns,Houston,Rockets,Regular Season,1,0,37.0,26,4,5,5,0,1,0,1,2,-3,16,10,0.625,4,0,0.0,8,6,0.75,125,139,0
1626162,2019,21900451,2019-12-23 21:00:00,Phoenix,Suns,Denver,Nuggets,Regular Season,1,0,38.0,14,3,3,1,2,0,2,2,2,-17,16,5,0.313,8,1,0.125,3,3,1.0,111,113,0
1626162,2019,21900471,2019-12-27 22:30:00,Phoenix,Suns,Golden State,Warriors,Regular Season,0,0,22.0,6,2,5,4,1,0,1,3,4,-11,5,2,0.4,2,0,0.0,2,2,1.0,105,96,0
1626162,2019,21900483,2019-12-28 21:00:00,Phoenix,Suns,Sacramento,Kings,Regular Season,0,1,40.0,20,5,15,13,2,0,2,2,2,1,14,8,0.571,4,2,0.5,2,2,1.0,110,112,0
1626162,2019,21900496,2019-12-30 22:00:00,Phoenix,Suns,Portland,Trail Blazers,Regular Season,0,1,39.0,29,2,5,5,0,1,3,0,0,17,21,11,0.524,10,7,0.7,0,0,0.0,116,122,0
1626162,2019,21900507,2020-01-01 22:30:00,Phoenix,Suns,Los Angeles,Lakers,Regular Season,0,0,36.0,26,3,6,3,3,0,3,1,4,-16,14,9,0.643,5,3,0.6,8,5,0.625,117,107,0
1626162,2019,21900521,2020-01-03 21:00:00,Phoenix,Suns,New York,Knicks,Regular Season,1,1,39.0,29,1,5,4,1,0,3,0,4,6,16,11,0.688,7,5,0.714,4,2,0.5,120,112,0
1626162,2019,21900537,2020-01-05 20:00:00,Phoenix,Suns,Memphis,Grizzlies,Regular Season,1,0,38.0,17,2,10,8,2,0,1,0,2,13,18,6,0.333,7,1,0.143,4,4,1.0,114,121,0
1626162,2019,21900552,2020-01-07 21:00:00,Phoenix,Suns,Sacramento,Kings,Regular Season,1,0,36.0,17,1,6,6,0,1,0,1,6,-14,11,5,0.455,8,3,0.375,5,4,0.8,103,114,0
1626162,2019,21900573,2020-01-10 21:00:00,Phoenix,Suns,Orlando,Magic,Regular Season,1,1,34.0,22,0,9,9,0,1,0,1,3,5,13,8,0.615,7,3,0.429,4,3,0.75,98,94,0
1626162,2019,21900590,2020-01-12 20:00:00,Phoenix,Suns,Charlotte,Hornets,Regular Season,1,1,40.0,25,1,15,13,2,2,4,3,4,22,19,10,0.526,6,2,0.333,4,3,0.75,100,92,0
1626162,2019,21900598,2020-01-14 19:30:00,Phoenix,Suns,Atlanta,Hawks,Regular Season,0,0,37.0,11,1,3,3,0,1,0,0,6,-16,16,4,0.25,5,0,0.0,6,3,0.5,123,110,0
1626162,2019,21900650,2020-01-20 21:00:00,Phoenix,Suns,San Antonio,Spurs,Regular Season,1,0,36.0,15,1,8,8,0,1,0,2,6,3,13,6,0.462,6,1,0.167,3,2,0.667,118,120,0
1626162,2019,21900664,2020-01-22 21:00:00,Phoenix,Suns,Indiana,Pacers,Regular Season,1,0,32.0,17,0,9,8,1,1,0,3,3,-15,16,5,0.313,4,1,0.25,7,6,0.857,87,112,0
1626162,2019,21900678,2020-01-24 20:30:00,Phoenix,Suns,San Antonio,Spurs,Regular Season,0,1,33.0,16,2,9,7,2,3,2,0,5,8,14,6,0.429,5,0,0.0,6,4,0.667,99,103,0
1626162,2019,21900690,2020-01-26 18:00:00,Phoenix,Suns,Memphis,Grizzlies,Regular Season,0,0,38.0,27,3,9,8,1,0,0,5,5,-13,19,8,0.421,5,2,0.4,10,9,0.9,114,109,0
1626162,2019,21900706,2020-01-28 20:30:00,Phoenix,Suns,Dallas,Mavericks,Regular Season,0,1,30.0,19,1,6,5,1,0,1,2,4,39,16,7,0.438,7,3,0.429,2,2,1.0,104,133,0
1626162,2019,21900725,2020-01-31 21:00:00,Phoenix,Suns,Oklahoma City,Thunder,Regular Season,1,0,39.0,27,0,11,9,2,0,2,3,3,-8,15,8,0.533,8,4,0.5,9,7,0.778,107,111,0
1626162,2019,21900739,2020-02-02 14:00:00,Phoenix,Suns,Milwaukee,Bucks,Regular Season,0,0,36.0,15,2,10,6,4,0,1,0,5,-17,20,5,0.25,6,1,0.167,4,4,1.0,129,108,0
1626162,2019,21900746,2020-02-03 19:30:00,Phoenix,Suns,Brooklyn,Nets,Regular Season,0,0,38.0,21,1,5,5,0,0,0,2,4,-20,18,8,0.444,4,3,0.75,5,2,0.4,119,97,0
1626162,2019,21900755,2020-02-05 19:00:00,Phoenix,Suns,Detroit,Pistons,Regular Season,0,0,41.0,30,2,5,3,2,0,0,0,3,-5,19,11,0.579,9,5,0.556,3,3,1.0,116,108,0
1626162,2019,21900774,2020-02-07 21:00:00,Phoenix,Suns,Houston,Rockets,Regular Season,1,1,35.0,39,0,9,9,0,2,1,2,1,24,19,14,0.737,9,7,0.778,4,4,1.0,127,91,0
1626162,2019,21900784,2020-02-08 21:00:00,Phoenix,Suns,Denver,Nuggets,Regular Season,1,0,42.0,20,1,6,6,0,1,0,0,4,-2,19,7,0.368,11,3,0.273,3,3,1.0,108,117,0
1626162,2019,21900801,2020-02-10 22:30:00,Phoenix,Suns,Los Angeles,Lakers,Regular Season,0,0,26.0,10,2,3,2,1,0,0,1,3,-34,9,4,0.444,2,0,0.0,3,2,0.667,125,100,0
1626162,2019,21900815,2020-02-12 21:00:00,Phoenix,Suns,Golden State,Warriors,Regular Season,1,1,32.0,15,0,6,6,0,0,0,0,4,-14,16,5,0.313,10,3,0.3,2,2,1.0,112,106,0
1626162,2019,21900829,2020-02-21 19:30:00,Phoenix,Suns,Toronto,Raptors,Regular Season,0,0,31.0,11,1,4,3,1,1,2,1,3,-12,15,5,0.333,4,0,0.0,2,1,0.5,118,101,0
1626162,2019,21900839,2020-02-22 20:00:00,Phoenix,Suns,Chicago,Bulls,Regular Season,0,1,38.0,14,3,5,1,4,0,2,0,3,18,17,6,0.353,5,1,0.2,3,1,0.333,104,112,0
1626162,2019,21900855,2020-02-24 21:00:00,Phoenix,Suns,Utah,Jazz,Regular Season,0,1,37.0,18,2,3,3,0,1,1,1,4,31,13,7,0.538,3,1,0.333,4,3,0.75,111,131,0
1626162,2019,11900108,2020-07-23 20:00:00,Phoenix,Suns,Utah,Jazz,Preseason,0,1,0.0,0,0,0,0,0,0,0,0,0,0,0,0,0.0,0,0,0.0,0,0,0.0,88,101,0
1626162,2019,11900119,2020-07-26 13:30:00,Phoenix,Suns,Boston,Celtics,Preseason,0,0,0.0,0,0,0,0,0,0,0,0,0,0,0,0,0.0,0,0,0.0,0,0,0.0,117,103,0
1626162,2019,11900129,2020-07-28 15:00:00,Phoenix,Suns,Toronto,Raptors,Preseason,1,1,0.0,0,0,0,0,0,0,0,0,0,0,0,0,0.0,0,0,0.0,0,0,0.0,117,106,0
1626162,2019,21901270,2020-08-06 16:00:00,Phoenix,Suns,Indiana,Pacers,Regular Season,1,1,0.0,0,0,0,0,0,0,0,0,0,0,0,0,0.0,0,0,0.0,0,0,0.0,114,99,0
1626162,2019,21901283,2020-08-08 19:30:00,Phoenix,Suns,Miami,Heat,Regular Season,0,1,0.0,0,0,0,0,0,0,0,0,0,0,0,0,0.0,0,0,0.0,0,0,0.0,112,119,0
1626162,2019,21901292,2020-08-10 14:30:00,Phoenix,Suns,Oklahoma City,Thunder,Regular Season,1,1,0.0,0,0,0,0,0,0,0,0,0,0,0,0,0.0,0,0,0.0,0,0,0.0,128,101,0
1626162,2020,12000011,2020-12-12 20:30:00,Golden State,Warriors,Denver,Nuggets,Preseason,1,1,22.0,10,2,4,3,1,3,0,0,1,-1,10,4,0.4,6,1,0.167,1,1,1.0,107,105,0
1626162,2020,12000027,2020-12-15 22:00:00,Golden State,Warriors,Sacramento,Kings,Preseason,0,0,23.0,12,1,5,4,1,0,0,0,4,1,9,3,0.333,3,1,0.333,9,5,0.556,114,113,0
1626162,2020,12000038,2020-12-17 21:00:00,Golden State,Warriors,Sacramento,Kings,Preseason,0,1,22.0,22,1,4,2,2,1,0,0,2,19,12,8,0.667,6,4,0.667,2,2,1.0,105,113,0
1626162,2020,22000001,2020-12-22 19:00:00,Golden State,Warriors,Brooklyn,Nets,Regular Season,0,0,25.0,6,2,7,3,4,2,1,3,1,-28,14,3,0.214,6,0,0.0,0,0,0.0,125,99,0
1626162,2020,22000006,2020-12-25 14:30:00,Golden State,Warriors,Milwaukee,Bucks,Regular Season,0,0,19.0,3,1,5,4,1,0,1,2,3,-15,10,1,0.1,5,0,0.0,2,1,0.5,138,99,0
1626162,2020,22000038,2020-12-27 20:00:00,Golden State,Warriors,Chicago,Bulls,Regular Season,0,1,30.0,8,0,11,8,3,0,4,3,3,9,16,3,0.188,6,0,0.0,2,2,1.0,128,129,0
1626162,2020,22000047,2020-12-29 19:00:00,Golden State,Warriors,Detroit,Pistons,Regular Season,0,1,29.0,14,0,5,5,0,2,2,2,2,8,10,6,0.6,4,1,0.25,3,1,0.333,106,116,0
1626162,2020,22000078,2021-01-01 22:30:00,Golden State,Warriors,Portland,Trail Blazers,Regular Season,1,0,28.0,10,0,4,4,0,1,0,2,2,-20,12,4,0.333,4,0,0.0,3,2,0.667,98,123,0
1626162,2020,22000092,2021-01-03 20:30:00,Golden State,Warriors,Portland,Trail Blazers,Regular Season,1,1,32.0,17,0,5,3,2,1,2,1,3,10,13,7,0.538,5,1,0.2,2,2,1.0,137,122,0
1626162,2020,22000101,2021-01-04 22:00:00,Golden State,Warriors,Sacramento,Kings,Regular Season,1,1,25.0,18,2,3,2,1,2,1,0,2,21,13,6,0.462,6,4,0.667,2,2,1.0,137,106,0
1626162,2020,22000116,2021-01-06 22:00:00,Golden State,Warriors,Los Angeles,Clippers,Regular Season,1,0,24.0,8,0,5,4,1,0,1,2,4,-11,13,4,0.308,6,0,0.0,0,0,0.0,101,108,0
1626162,2020,22000130,2021-01-08 22:00:00,Golden State,Warriors,Los Angeles,Clippers,Regular Season,1,1,21.0,6,0,5,3,2,0,1,3,2,-25,7,2,0.286,3,0,0.0,2,2,1.0,115,105,0
1626162,2020,22000148,2021-01-10 20:30:00,Golden State,Warriors,Toronto,Raptors,Regular Season,1,1,29.0,12,3,6,3,3,1,0,1,1,-4,14,5,0.357,6,1,0.167,1,1,1.0,106,105,0
1626162,2020,22000163,2021-01-12 22:30:00,Golden State,Warriors,Indiana,Pacers,Regular Season,1,0,29.0,17,2,5,5,0,1,0,1,1,6,11,6,0.545,7,3,0.429,2,2,1.0,95,104,0
1626162,2020,22000177,2021-01-14 22:00:00,Golden State,Warriors,Denver,Nuggets,Regular Season,0,0,30.0,14,2,5,5,0,1,1,1,2,-7,10,3,0.3,8,3,0.375,6,5,0.833,114,104,0
1626162,2020,22000212,2021-01-18 22:00:00,Golden State,Warriors,Los Angeles,Lakers,Regular Season,0,1,37.0,23,0,4,2,2,2,2,0,2,5,18,9,0.5,8,2,0.25,4,3,0.75,113,115,0
1626162,2020,22000223,2021-01-20 22:00:00,Golden State,Warriors,San Antonio,Spurs,Regular Season,1,1,30.0,16,0,9,6,3,1,1,0,3,1,11,4,0.364,4,2,0.5,8,6,0.75,121,99,0
1626162,2020,22000228,2021-01-21 22:00:00,Golden State,Warriors,New York,Knicks,Regular Season,1,0,31.0,7,3,6,6,0,1,1,0,3,-13,11,2,0.182,4,0,0.0,6,3,0.5,104,119,0
1626162,2020,22000242,2021-01-23 21:00:00,Golden State,Warriors,Utah,Jazz,Regular Season,0,0,24.0,5,1,2,2,0,0,0,1,3,-29,8,2,0.25,2,0,0.0,2,1,0.5,127,108,0
1626162,2020,22000266,2021-01-25 22:00:00,Golden State,Warriors,Minnesota,Timberwolves,Regular Season,1,1,27.0,14,4,6,4,2,1,3,1,0,13,9,4,0.444,3,2,0.667,5,4,0.8,130,108,0
1626162,2020,22000283,2021-01-27 22:00:00,Golden State,Warriors,Minnesota,Timberwolves,Regular Season,1,1,24.0,20,3,9,9,0,1,2,4,4,-6,9,7,0.778,3,2,0.667,4,4,1.0,123,111,0
1626162,2020,22000286,2021-01-28 22:00:00,Golden State,Warriors,Phoenix,Suns,Regular Season,0,0,25.0,4,1,4,4,0,0,1,1,2,-17,11,1,0.091,5,0,0.0,2,2,1.0,114,93,0
1626162,2020,22000305,2021-01-30 22:00:00,Golden State,Warriors,Detroit,Pistons,Regular Season,1,1,27.0,18,1,6,4,2,1,0,1,2,24,14,8,0.571,6,2,0.333,2,0,0.0,118,91,0
1626162,2020,22000326,2021-02-02 22:00:00,Golden State,Warriors,Boston,Celtics,Regular Season,1,0,26.0,12,2,1,1,0,0,0,1,4,-25,11,5,0.455,3,1,0.333,2,1,0.5,107,111,0
1626162,2020,22000339,2021-02-04 19:30:00,Golden State,Warriors,Dallas,Mavericks,Regular Season,0,1,36.0,40,2,8,7,1,1,1,2,3,18,21,14,0.667,10,7,0.7,6,5,0.833,116,147,0
1626162,2020,22000360,2021-02-06 20:30:00,Golden State,Warriors,Dallas,Mavericks,Regular Season,0,0,32.0,14,1,5,3,2,0,0,1,3,-7,16,5,0.313,6,2,0.333,3,2,0.667,134,132,0
1626162,2020,22000371,2021-02-08 20:30:00,Golden State,Warriors,San Antonio,Spurs,Regular Season,0,0,35.0,24,1,4,3,1,2,0,2,2,-7,16,9,0.563,8,4,0.5,3,2,0.667,105,100,0
1626162,2020,22000378,2021-02-09 20:30:00,Golden State,Warriors,San Antonio,Spurs,Regular Season,0,1,34.0,12,1,10,8,2,0,1,1,2,14,14,4,0.286,5,2,0.4,2,2,1.0,91,114,0
1626162,2020,22000393,2021-02-11 22:00:00,Golden State,Warriors,Orlando,Magic,Regular Season,1,1,33.0,17,4,10,7,3,0,0,1,2,5,12,6,0.5,7,3,0.429,2,2,1.0,111,105,0
1626162,2020,22000409,2021-02-13 20:30:00,Golden State,Warriors,Brooklyn,Nets,Regular Season,1,0,31.0,17,2,10,7,3,1,1,1,2,-22,15,6,0.4,5,1,0.2,4,4,1.0,117,134,0
1626162,2020,22000424,2021-02-15 22:00:00,Golden State,Warriors,Cleveland,Cavaliers,Regular Season,1,1,25.0,14,1,3,3,0,1,2,1,3,25,14,6,0.429,3,1,0.333,1,1,1.0,129,98,0
1626162,2020,22000443,2021-02-17 22:00:00,Golden State,Warriors,Miami,Heat,Regular Season,1,1,43.0,23,2,8,5,3,0,3,1,3,4,15,9,0.6,7,4,0.571,2,1,0.5,120,112,0
1626162,2020,22000449,2021-02-19 19:00:00,Golden State,Warriors,Orlando,Magic,Regular Season,0,0,36.0,26,1,7,4,3,0,4,1,0,-5,18,10,0.556,6,3,0.5,7,3,0.429,124,120,0
1626162,2020,22000459,2021-02-20 20:00:00,Golden State,Warriors,Charlotte,Hornets,Regular Season,0,0,36.0,25,1,6,4,2,1,2,0,1,-7,19,9,0.474,9,4,0.444,5,3,0.6,102,100,0
1626162,2020,22000483,2021-02-23 19:30:00,Golden State,Warriors,New York,Knicks,Regular Season,0,1,36.0,19,2,8,5,3,3,0,0,3,14,18,8,0.444,5,1,0.2,2,2,1.0,106,114,0
1626162,2020,22000489,2021-02-24 19:30:00,Golden State,Warriors,Indiana,Pacers,Regular Season,0,1,36.0,17,0,5,5,0,0,0,0,0,10,15,7,0.467,4,1,0.25,2,2,1.0,107,111,0
1626162,2020,22000511,2021-02-26 22:00:00,Golden State,Warriors,Charlotte,Hornets,Regular Season,1,1,37.0,27,3,6,5,1,0,1,2,2,23,15,11,0.733,6,3,0.5,2,2,1.0,130,121,0
1626162,2020,22000527,2021-02-28 20:00:00,Golden State,Warriors,Los Angeles,Lakers,Regular Season,0,0,25.0,14,1,5,4,1,0,0,2,2,-24,10,6,0.6,2,0,0.0,3,2,0.667,117,91,0
1626162,2020,22000185,2021-03-04 22:00:00,Golden State,Warriors,Phoenix,Suns,Regular Season,0,0,0.0,0,0,0,0,0,0,0,0,0,0,0,0,0.0,0,0,0.0,0,0,0.0,120,98,0
1626162,2020,22000576,2021-03-11 22:00:00,Golden State,Warriors,Los Angeles,Clippers,Regular Season,0,0,32.0,15,0,6,5,1,1,0,1,2,-19,14,7,0.5,5,1,0.2,2,0,0.0,130,104,0
1626162,2020,22000594,2021-03-14 16:00:00,Golden State,Warriors,Utah,Jazz,Regular Season,1,1,30.0,7,1,7,7,0,1,1,0,3,-4,8,2,0.25,3,0,0.0,4,3,0.75,131,119,0
1626162,2020,22000608,2021-03-15 22:30:00,Golden State,Warriors,Los Angeles,Lakers,Regular Season,1,0,28.0,12,1,2,1,1,0,2,5,3,-28,9,5,0.556,4,1,0.25,3,1,0.333,97,128,0
1626162,2020,22000622,2021-03-17 20:00:00,Golden State,Warriors,Houston,Rockets,Regular Season,0,1,35.0,19,1,4,4,0,0,1,0,2,-1,16,8,0.5,6,1,0.167,4,2,0.5,94,108,0
1626162,2020,22000636,2021-03-19 20:00:00,Golden State,Warriors,Memphis,Grizzlies,Regular Season,0,1,28.0,4,1,4,4,0,2,1,1,1,14,7,2,0.286,3,0,0.0,0,0,0.0,103,116,0
1626162,2020,22000642,2021-03-20 20:00:00,Golden State,Warriors,Memphis,Grizzlies,Regular Season,0,0,28.0,12,2,6,4,2,2,0,1,3,-19,13,4,0.308,4,1,0.25,5,3,0.6,111,103,0
1626162,2020,22000665,2021-03-23 22:00:00,Golden State,Warriors,Philadelphia,76ers,Regular Season,1,0,35.0,24,3,10,7,3,1,0,0,3,4,14,8,0.571,4,2,0.5,9,6,0.667,98,108,0
1626162,2020,22000682,2021-03-25 22:00:00,Golden State,Warriors,Sacramento,Kings,Regular Season,0,0,32.0,19,2,4,2,2,0,0,0,4,-11,17,8,0.471,6,3,0.5,0,0,0.0,141,119,0
1626162,2020,22000692,2021-03-26 22:00:00,Golden State,Warriors,Atlanta,Hawks,Regular Season,1,0,28.0,14,2,6,4,2,1,2,0,2,-8,13,5,0.385,5,1,0.2,7,3,0.429,108,124,0
1626162,2020,22000716,2021-03-29 22:00:00,Golden State,Warriors,Chicago,Bulls,Regular Season,1,1,35.0,18,0,11,7,4,0,1,0,2,7,19,8,0.421,3,0,0.0,2,2,1.0,116,102,0
1626162,2020,22000733,2021-04-01 20:00:00,Golden State,Warriors,Miami,Heat,Regular Season,0,0,34.0,8,1,4,4,0,0,1,2,2,-8,11,4,0.364,3,0,0.0,1,0,0.0,116,109,0
1626162,2020,22000737,2021-04-02 19:00:00,Golden State,Warriors,Toronto,Raptors,Regular Season,0,0,18.0,9,1,7,5,2,0,0,2,0,-37,11,3,0.273,4,2,0.5,1,1,1.0,130,77,0
1626162,2020,22000759,2021-04-04 19:30:00,Golden State,Warriors,Atlanta,Hawks,Regular Season,0,0,37.0,20,2,11,8,3,3,2,1,5,-4,16,9,0.563,6,2,0.333,0,0,0.0,117,111,0
1626162,2020,22000774,2021-04-06 22:00:00,Golden State,Warriors,Milwaukee,Bucks,Regular Season,1,1,37.0,19,1,6,5,1,0,2,3,3,5,14,6,0.429,8,4,0.5,4,3,0.75,122,121,0
1626162,2020,22000798,2021-04-09 22:00:00,Golden State,Warriors,Washington,Wizards,Regular Season,1,0,36.0,23,2,6,6,0,0,1,1,1,-13,13,8,0.615,8,4,0.5,3,3,1.0,107,110,0
1626162,2020,22000821,2021-04-12 22:00:00,Golden State,Warriors,Denver,Nuggets,Regular Season,1,1,0.0,0,0,0,0,0,0,0,0,0,0,0,0,0.0,0,0,0.0,0,0,0.0,116,107,0
1626162,2020,22000836,2021-04-14 21:00:00,Golden State,Warriors,Oklahoma City,Thunder,Regular Season,0,1,0.0,0,0,0,0,0,0,0,0,0,0,0,0,0.0,0,0,0.0,0,0,0.0,109,147,0
1626162,2020,22000841,2021-04-15 20:00:00,Golden State,Warriors,Cleveland,Cavaliers,Regular Season,0,1,0.0,0,0,0,0,0,0,0,0,0,0,0,0,0.0,0,0,0.0,0,0,0.0,101,119,0
1626162,2020,22000858,2021-04-17 20:30:00,Golden State,Warriors,Boston,Celtics,Regular Season,0,0,0.0,0,0,0,0,0,0,0,0,0,0,0,0,0.0,0,0,0.0,0,0,0.0,119,114,0
1626162,2020,22000870,2021-04-19 19:30:00,Golden State,Warriors,Philadelphia,76ers,Regular Season,0,1,21.0,9,0,2,1,1,0,0,2,2,8,6,2,0.333,1,0,0.0,7,5,0.714,96,107,0
1626162,2020,22000885,2021-04-21 19:00:00,Golden State,Warriors,Washington,Wizards,Regular Season,0,0,36.0,24,1,9,6,3,2,0,4,2,5,17,8,0.471,4,2,0.5,6,6,1.0,118,114,0
1626162,2020,22000903,2021-04-23 22:00:00,Golden State,Warriors,Denver,Nuggets,Regular Season,1,1,32.0,23,3,6,5,1,2,3,1,1,19,16,9,0.563,7,3,0.429,5,2,0.4,118,97,0
1626162,2020,22000915,2021-04-25 22:00:00,Golden State,Warriors,Sacramento,Kings,Regular Season,1,1,31.0,19,0,7,3,4,0,0,1,2,3,17,8,0.471,7,1,0.143,2,2,1.0,117,113,0
1626162,2020,22000932,2021-04-27 21:30:00,Golden State,Warriors,Dallas,Mavericks,Regular Season,1,0,23.0,10,0,3,2,1,0,1,0,1,-41,10,2,0.2,7,2,0.286,8,4,0.5,103,133,0
1626162,2020,22000946,2021-04-29 20:00:00,Golden State,Warriors,Minnesota,Timberwolves,Regular Season,0,0,0.0,0,0,0,0,0,0,0,0,0,0,0,0,0.0,0,0,0.0,0,0,0.0,126,114,0
1626162,2020,22000958,2021-05-01 19:30:00,Golden State,Warriors,Houston,Rockets,Regular Season,0,1,0.0,0,0,0,0,0,0,0,0,0,0,0,0,0.0,0,0,0.0,0,0,0.0,87,113,0
1626162,2020,22000977,2021-05-03 19:30:00,Golden State,Warriors,New Orleans,Pelicans,Regular Season,0,1,0.0,0,0,0,0,0,0,0,0,0,0,0,0,0.0,0,0,0.0,0,0,0.0,108,123,0
1626162,2020,22000987,2021-05-04 20:00:00,Golden State,Warriors,New Orleans,Pelicans,Regular Season,0,0,0.0,0,0,0,0,0,0,0,0,0,0,0,0,0.0,0,0,0.0,0,0,0.0,108,103,0
1626162,2020,22001001,2021-05-06 22:00:00,Golden State,Warriors,Oklahoma City,Thunder,Regular Season,1,1,0.0,0,0,0,0,0,0,0,0,0,0,0,0,0.0,0,0,0.0,0,0,0.0,118,97,0
1626162,2020,22001017,2021-05-08 22:00:00,Golden State,Warriors,Oklahoma City,Thunder,Regular Season,1,1,0.0,0,0,0,0,0,0,0,0,0,0,0,0,0.0,0,0,0.0,0,0,0.0,136,97,0
1626162,2020,22001030,2021-05-10 22:00:00,Golden State,Warriors,Utah,Jazz,Regular Season,1,1,0.0,0,0,0,0,0,0,0,0,0,0,0,0,0.0,0,0,0.0,0,0,0.0,119,116,0
1626162,2020,22001039,2021-05-11 22:00:00,Golden State,Warriors,Phoenix,Suns,Regular Season,1,1,0.0,0,0,0,0,0,0,0,0,0,0,0,0,0.0,0,0,0.0,0,0,0.0,122,116,0
1626162,2021,12100006,2021-10-04 20:00:00,Charlotte,Hornets,Oklahoma City,Thunder,Preseason,0,1,13.0,5,0,2,2,0,3,0,0,2,-1,6,2,0.333,3,0,0.0,2,1,0.5,97,113,0
1626162,2021,12100022,2021-10-07 19:00:00,Charlotte,Hornets,Memphis,Grizzlies,Preseason,1,0,0.0,0,0,0,0,0,0,0,0,0,0,0,0,0.0,0,0,0.0,0,0,0.0,98,128,0
1626162,2021,12100040,2021-10-11 19:30:00,Charlotte,Hornets,Miami,Heat,Preseason,0,0,0.0,0,0,0,0,0,0,0,0,0,0,0,0,0.0,0,0,0.0,0,0,0.0,104,103,0
1626162,2021,12100048,2021-10-13 18:30:00,Charlotte,Hornets,Dallas,Mavericks,Preseason,1,0,0.0,0,0,0,0,0,0,0,0,0,0,0,0,0.0,0,0,0.0,0,0,0.0,59,127,0
1626162,2021,22100003,2021-10-20 19:00:00,Charlotte,Hornets,Indiana,Pacers,Regular Season,1,1,34.0,14,1,3,3,0,0,0,0,4,1,17,5,0.294,9,2,0.222,2,2,1.0,123,122,0
1626162,2021,22100017,2021-10-22 19:00:00,Charlotte,Hornets,Cleveland,Cavaliers,Regular Season,0,1,27.0,25,1,3,3,0,0,1,0,2,6,13,9,0.692,7,4,0.571,3,3,1.0,112,123,0
1626162,2021,22100035,2021-10-24 16:00:00,Charlotte,Hornets,Brooklyn,Nets,Regular Season,0,1,22.0,9,1,8,4,4,0,1,1,4,13,13,4,0.308,5,1,0.2,0,0,0.0,95,111,0
1626162,2021,22100041,2021-10-25 19:00:00,Charlotte,Hornets,Boston,Celtics,Regular Season,1,0,42.0,19,2,9,7,2,0,0,0,3,5,16,6,0.375,10,5,0.5,4,2,0.5,129,140,0
1626162,2021,22100055,2021-10-27 19:00:00,Charlotte,Hornets,Orlando,Magic,Regular Season,0,1,27.0,4,0,2,2,0,0,0,0,0,-5,7,1,0.143,5,0,0.0,2,2,1.0,111,120,0
1626162,2021,22100073,2021-10-29 19:30:00,Charlotte,Hornets,Miami,Heat,Regular Season,0,0,36.0,17,1,4,2,2,0,3,0,3,-6,12,7,0.583,6,3,0.5,1,0,0.0,114,99,0
1626162,2021,22100090,2021-10-31 19:00:00,Charlotte,Hornets,Portland,Trail Blazers,Regular Season,1,1,31.0,26,5,7,4,3,0,2,1,2,1,14,8,0.571,11,6,0.545,8,4,0.5,125,113,0
1626162,2021,22100094,2021-11-01 19:00:00,Charlotte,Hornets,Cleveland,Cavaliers,Regular Season,1,0,20.0,2,1,4,1,3,1,1,1,5,-14,8,1,0.125,3,0,0.0,0,0,0.0,110,113,0
1626162,2021,22100117,2021-11-03 22:00:00,Charlotte,Hornets,Golden State,Warriors,Regular Season,0,0,13.0,0,1,1,1,0,0,0,2,1,-12,4,0,0.0,3,0,0.0,0,0,0.0,114,92,0
1626162,2021,22100132,2021-11-05 22:00:00,Charlotte,Hornets,Sacramento,Kings,Regular Season,0,0,13.0,9,0,4,3,1,0,0,1,2,-14,10,4,0.4,5,1,0.2,0,0,0.0,140,110,0
1626162,2021,22100146,2021-11-07 21:00:00,Charlotte,Hornets,Los Angeles,Clippers,Regular Season,0,0,28.0,16,2,4,4,0,1,1,2,4,-13,14,7,0.5,6,1,0.167,3,1,0.333,120,106,0
1626162,2021,22100154,2021-11-08 22:30:00,Charlotte,Hornets,Los Angeles,Lakers,Regular Season,0,0,17.0,8,1,3,0,3,0,0,2,3,-24,10,3,0.3,4,2,0.5,0,0,0.0,126,123,0
1626162,2021,22100164,2021-11-10 20:00:00,Charlotte,Hornets,Memphis,Grizzlies,Regular Season,0,1,30.0,37,1,5,3,2,0,2,2,0,20,17,13,0.765,9,7,0.778,4,4,1.0,108,118,0
1626162,2021,22100174,2021-11-12 19:00:00,Charlotte,Hornets,New York,Knicks,Regular Season,1,1,27.0,12,0,2,2,0,0,0,2,2,0,13,4,0.308,10,4,0.4,0,0,0.0,104,96,0
1626162,2021,22100194,2021-11-14 19:00:00,Charlotte,Hornets,Golden State,Warriors,Regular Season,1,1,15.0,10,0,4,4,0,0,1,1,3,-2,8,4,0.5,5,2,0.4,0,0,0.0,106,102,0
1626162,2021,22100213,2021-11-17 19:00:00,Charlotte,Hornets,Washington,Wizards,Regular Season,1,1,23.0,14,1,3,2,1,2,1,0,1,10,10,5,0.5,7,3,0.429,2,1,0.5,97,87,0
1626162,2021,22100230,2021-11-19 19:00:00,Charlotte,Hornets,Indiana,Pacers,Regular Season,1,1,30.0,16,0,3,3,0,0,1,3,3,-1,11,6,0.545,7,3,0.429,2,1,0.5,121,118,0
1626162,2021,22100242,2021-11-20 19:30:00,Charlotte,Hornets,Atlanta,Hawks,Regular Season,0,0,27.0,8,1,7,5,2,0,0,0,2,-5,14,4,0.286,7,0,0.0,0,0,0.0,115,105,0
1626162,2021,22100254,2021-11-22 19:00:00,Charlotte,Hornets,Washington,Wizards,Regular Season,0,1,22.0,7,1,2,2,0,0,1,1,4,-10,7,3,0.429,4,1,0.25,0,0,0.0,103,109,0
1626162,2021,22100269,2021-11-24 19:00:00,Charlotte,Hornets,Orlando,Magic,Regular Season,0,1,34.0,21,0,6,4,2,0,0,1,1,16,17,7,0.412,8,3,0.375,5,4,0.8,99,106,0
1626162,2021,22100281,2021-11-26 19:00:00,Charlotte,Hornets,Minnesota,Timberwolves,Regular Season,1,1,26.0,27,0,1,1,0,0,0,0,2,21,17,10,0.588,13,7,0.538,0,0,0.0,133,115,0
1626162,2021,22100297,2021-11-27 20:00:00,Charlotte,Hornets,Houston,Rockets,Regular Season,0,0,35.0,23,0,4,1,3,2,3,0,4,17,19,8,0.421,10,2,0.2,6,5,0.833,146,143,0
1626162,2021,22100307,2021-11-29 20:00:00,Charlotte,Hornets,Chicago,Bulls,Regular Season,0,0,32.0,18,2,3,2,1,1,2,0,3,4,17,8,0.471,7,2,0.286,0,0,0.0,133,119,0
1626162,2021,22100324,2021-12-01 20:00:00,Charlotte,Hornets,Milwaukee,Bucks,Regular Season,0,0,30.0,25,1,2,2,0,0,1,3,4,-4,14,9,0.643,9,5,0.556,3,2,0.667,127,125,0
1626162,2021,22100350,2021-12-05 18:00:00,Charlotte,Hornets,Atlanta,Hawks,Regular Season,0,1,38.0,28,2,3,2,1,0,1,0,2,-16,17,11,0.647,10,6,0.6,4,0,0.0,127,130,0
1626162,2021,22100353,2021-12-06 19:00:00,Charlotte,Hornets,Philadelphia,76ers,Regular Season,1,0,42.0,35,3,5,4,1,1,4,1,0,-1,24,13,0.542,13,6,0.462,4,3,0.75,124,127,0
1626162,2021,22100366,2021-12-08 19:00:00,Charlotte,Hornets,Philadelphia,76ers,Regular Season,1,0,41.0,22,3,10,8,2,0,2,4,4,-11,22,8,0.364,12,3,0.25,4,3,0.75,106,110,0
1626162,2021,22100382,2021-12-10 19:00:00,Charlotte,Hornets,Sacramento,Kings,Regular Season,1,1,41.0,22,5,6,4,2,2,2,2,2,1,17,9,0.529,10,4,0.4,0,0,0.0,124,123,0
1626162,2021,22100410,2021-12-13 20:30:00,Charlotte,Hornets,Dallas,Mavericks,Regular Season,0,0,35.0,20,4,3,2,1,0,1,1,5,-9,15,7,0.467,9,4,0.444,5,2,0.4,120,96,0
1626162,2021,22100423,2021-12-15 20:30:00,Charlotte,Hornets,San Antonio,Spurs,Regular Season,0,1,16.0,3,1,1,1,0,0,1,1,3,12,5,1,0.2,4,1,0.25,0,0,0.0,115,131,0
1626162,2021,22100439,2021-12-17 22:00:00,Charlotte,Hornets,Portland,Trail Blazers,Regular Season,0,0,31.0,18,1,4,4,0,0,0,2,5,-5,14,6,0.429,9,3,0.333,4,3,0.75,125,116,0
1626162,2021,22100456,2021-12-19 20:00:00,Charlotte,Hornets,Phoenix,Suns,Regular Season,0,0,23.0,18,0,5,4,1,0,1,0,1,-7,15,6,0.4,7,1,0.143,6,5,0.833,137,106,0
1626162,2021,22100461,2021-12-20 21:00:00,Charlotte,Hornets,Utah,Jazz,Regular Season,0,0,30.0,5,1,3,3,0,0,3,1,2,-4,9,2,0.222,6,1,0.167,0,0,0.0,112,102,0
1626162,2021,22100482,2021-12-23 21:00:00,Charlotte,Hornets,Denver,Nuggets,Regular Season,0,1,32.0,23,1,4,4,0,1,4,1,3,6,15,7,0.467,11,5,0.455,4,4,1.0,107,115,0
1626162,2021,22100501,2021-12-27 19:00:00,Charlotte,Hornets,Houston,Rockets,Regular Season,1,1,29.0,18,0,3,2,1,0,2,2,2,16,12,6,0.5,7,1,0.143,6,5,0.833,123,99,0
1626162,2021,22100517,2021-12-29 19:00:00,Charlotte,Hornets,Indiana,Pacers,Regular Season,0,1,23.0,13,3,1,1,0,0,0,1,1,-6,13,5,0.385,8,2,0.25,5,1,0.2,108,116,0
1626162,2021,22100549,2022-01-02 19:00:00,Charlotte,Hornets,Phoenix,Suns,Regular Season,1,0,20.0,15,0,3,2,1,1,0,2,0,-16,10,6,0.6,7,3,0.429,0,0,0.0,99,133,0
1626162,2021,22100553,2022-01-03 19:00:00,Charlotte,Hornets,Washington,Wizards,Regular Season,0,0,12.0,7,0,2,2,0,0,1,1,1,-17,7,3,0.429,3,1,0.333,0,0,0.0,124,121,0
1626162,2021,22100567,2022-01-05 19:00:00,Charlotte,Hornets,Detroit,Pistons,Regular Season,1,1,23.0,32,0,6,6,0,1,0,0,2,29,16,10,0.625,14,9,0.643,3,3,1.0,140,111,0
1626162,2021,22100592,2022-01-08 19:00:00,Charlotte,Hornets,Milwaukee,Bucks,Regular Season,1,1,27.0,18,2,4,4,0,1,1,1,3,12,17,7,0.412,11,2,0.182,2,2,1.0,114,106,0
1626162,2021,22100671,2022-01-19 19:30:00,Charlotte,Hornets,Boston,Celtics,Regular Season,0,1,25.0,18,0,3,2,1,1,2,0,0,-4,14,7,0.5,7,3,0.429,2,1,0.5,102,111,0
1626162,2021,22100684,2022-01-21 19:00:00,Charlotte,Hornets,Oklahoma City,Thunder,Regular Season,1,1,21.0,8,0,5,2,3,0,3,0,4,25,14,3,0.214,6,0,0.0,5,2,0.4,121,98,0
1626162,2021,22100703,2022-01-23 19:00:00,Charlotte,Hornets,Atlanta,Hawks,Regular Season,1,0,22.0,12,0,5,4,1,0,0,1,2,-9,13,5,0.385,9,1,0.111,2,1,0.5,91,113,0
1626162,2021,22100715,2022-01-25 19:00:00,Charlotte,Hornets,Toronto,Raptors,Regular Season,0,0,26.0,9,0,3,3,0,0,1,0,4,-11,11,3,0.273,8,2,0.25,2,1,0.5,125,113,0
1626162,2021,22100723,2022-01-26 19:00:00,Charlotte,Hornets,Indiana,Pacers,Regular Season,0,1,35.0,39,3,5,2,3,0,2,1,4,27,18,12,0.667,15,10,0.667,6,5,0.833,126,158,0
1626162,2021,22100735,2022-01-28 19:30:00,Charlotte,Hornets,Los Angeles,Lakers,Regular Season,1,1,0.0,0,0,0,0,0,0,0,0,0,0,0,0,0.0,0,0,0.0,0,0,0.0,117,114,0
1626162,2021,22100752,2022-01-30 13:00:00,Charlotte,Hornets,Los Angeles,Clippers,Regular Season,1,0,0.0,0,0,0,0,0,0,0,0,0,0,0,0,0.0,0,0,0.0,0,0,0.0,90,115,0
1626162,2021,22100775,2022-02-02 19:30:00,Charlotte,Hornets,Boston,Celtics,Regular Season,0,0,33.0,15,0,3,2,1,3,4,2,5,-2,12,3,0.25,7,1,0.143,8,8,1.0,113,107,0
1626162,2021,22100787,2022-02-04 19:00:00,Charlotte,Hornets,Cleveland,Cavaliers,Regular Season,1,0,27.0,21,1,9,6,3,1,1,2,2,9,19,7,0.368,13,4,0.308,3,3,1.0,101,102,0
1626162,2021,22100797,2022-02-05 19:00:00,Charlotte,Hornets,Miami,Heat,Regular Season,1,0,29.0,9,3,6,4,2,0,0,1,2,-19,15,3,0.2,9,1,0.111,3,2,0.667,86,104,0
1626162,2021,22100810,2022-02-07 19:00:00,Charlotte,Hornets,Toronto,Raptors,Regular Season,1,0,38.0,17,2,6,4,2,1,1,0,3,-18,17,7,0.412,8,0,0.0,4,3,0.75,101,116,0
1626162,2021,22100826,2022-02-09 19:30:00,Charlotte,Hornets,Chicago,Bulls,Regular Season,1,0,36.0,19,0,3,2,1,1,0,0,2,-20,18,8,0.444,9,3,0.333,1,0,0.0,109,121,0
1626162,2021,22100838,2022-02-11 19:00:00,Charlotte,Hornets,Detroit,Pistons,Regular Season,0,1,31.0,11,1,6,6,0,0,0,1,5,6,13,4,0.308,10,1,0.1,3,2,0.667,119,141,0
1626162,2021,22100846,2022-02-12 19:00:00,Charlotte,Hornets,Memphis,Grizzlies,Regular Season,1,0,20.0,8,1,4,1,3,0,1,1,4,-17,9,4,0.444,2,0,0.0,0,0,0.0,118,125,0
1626162,2021,22100871,2022-02-15 20:00:00,Charlotte,Hornets,Minnesota,Timberwolves,Regular Season,0,0,24.0,11,1,4,1,3,0,3,2,4,6,13,4,0.308,4,0,0.0,4,3,0.75,126,120,0
1626162,2021,22100885,2022-02-17 19:00:00,Charlotte,Hornets,Miami,Heat,Regular Season,1,0,38.0,15,0,4,2,2,1,1,1,3,7,15,5,0.333,12,4,0.333,4,1,0.25,107,111,0
1626162,2021,22100896,2022-02-25 19:00:00,Charlotte,Hornets,Toronto,Raptors,Regular Season,1,1,32.0,23,1,4,3,1,1,2,2,2,1,14,8,0.571,10,5,0.5,2,2,1.0,125,93,0
1626162,2021,22100915,2022-02-27 19:00:00,Charlotte,Hornets,Detroit,Pistons,Regular Season,1,0,24.0,15,1,3,3,0,1,0,3,1,3,9,4,0.444,8,3,0.375,4,4,1.0,126,127,0
1626162,2021,22100924,2022-02-28 20:00:00,Charlotte,Hornets,Milwaukee,Bucks,Regular Season,0,0,30.0,17,4,7,6,1,0,0,0,2,-5,14,6,0.429,8,3,0.375,7,2,0.286,130,106,0
1626162,2021,22100932,2022-03-02 19:00:00,Charlotte,Hornets,Cleveland,Cavaliers,Regular Season,0,1,27.0,19,5,4,3,1,1,0,1,4,4,15,7,0.467,11,5,0.455,0,0,0.0,98,119,0
1626162,2021,22100955,2022-03-05 19:00:00,Charlotte,Hornets,San Antonio,Spurs,Regular Season,1,1,24.0,12,1,1,1,0,1,3,0,2,4,12,3,0.25,8,2,0.25,6,4,0.667,123,117,0
1626162,2021,22100975,2022-03-08 19:00:00,Charlotte,Hornets,Brooklyn,Nets,Regular Season,1,0,22.0,15,0,5,3,2,0,2,0,3,-8,12,7,0.583,3,1,0.333,0,0,0.0,121,132,0
1626162,2021,22100981,2022-03-09 19:00:00,Charlotte,Hornets,Boston,Celtics,Regular Season,1,0,16.0,9,0,3,2,1,0,1,1,3,-24,8,3,0.375,5,2,0.4,2,1,0.5,101,115,0
1626162,2021,22101001,2022-03-11 20:00:00,Charlotte,Hornets,New Orleans,Pelicans,Regular Season,0,1,14.0,10,0,2,2,0,0,0,2,4,1,7,4,0.571,5,2,0.4,0,0,0.0,120,142,0
1626162,2021,22101023,2022-03-14 20:00:00,Charlotte,Hornets,Oklahoma City,Thunder,Regular Season,0,1,16.0,11,1,4,3,1,1,1,0,2,-8,9,4,0.444,4,1,0.25,5,2,0.4,116,134,0
1626162,2021,22101033,2022-03-16 19:00:00,Charlotte,Hornets,Atlanta,Hawks,Regular Season,1,1,19.0,6,0,2,2,0,1,0,0,3,12,6,2,0.333,2,0,0.0,2,2,1.0,116,106,0
1626162,2021,22101059,2022-03-19 19:00:00,Charlotte,Hornets,Dallas,Mavericks,Regular Season,1,1,27.0,17,1,6,5,1,0,0,0,3,19,17,6,0.353,9,3,0.333,2,2,1.0,129,108,0
1626162,2021,22101071,2022-03-21 19:00:00,Charlotte,Hornets,New Orleans,Pelicans,Regular Season,1,1,14.0,6,1,3,3,0,2,0,1,2,-5,6,2,0.333,6,2,0.333,0,0,0.0,106,103,0
1626162,2021,22101084,2022-03-23 19:00:00,Charlotte,Hornets,New York,Knicks,Regular Season,1,0,5.0,3,0,3,1,2,0,0,0,0,-12,3,1,0.333,1,0,0.0,1,1,1.0,106,121,0
1626162,2021,22101100,2022-03-25 19:00:00,Charlotte,Hornets,Utah,Jazz,Regular Season,1,1,17.0,6,0,3,2,1,0,0,0,2,-9,4,2,0.5,2,1,0.5,2,1,0.5,107,101,0
1626162,2021,22101120,2022-03-27 19:30:00,Charlotte,Hornets,Brooklyn,Nets,Regular Season,0,1,16.0,2,0,4,4,0,0,1,1,2,-13,6,1,0.167,2,0,0.0,0,0,0.0,110,119,0
1626162,2021,22101122,2022-03-28 19:00:00,Charlotte,Hornets,Denver,Nuggets,Regular Season,1,0,26.0,12,2,3,2,1,0,1,0,0,14,9,5,0.556,6,2,0.333,2,0,0.0,109,113,0
1626162,2021,22101140,2022-03-30 19:30:00,Charlotte,Hornets,New York,Knicks,Regular Season,0,1,23.0,21,1,5,4,1,1,0,0,2,8,11,8,0.727,7,4,0.571,1,1,1.0,114,125,0
1626162,2021,22101161,2022-04-02 12:30:00,Charlotte,Hornets,Philadelphia,76ers,Regular Season,0,0,21.0,11,0,3,2,1,0,0,0,1,-10,8,4,0.5,4,1,0.25,2,2,1.0,144,114,0
1626162,2021,22101181,2022-04-05 19:30:00,Charlotte,Hornets,Miami,Heat,Regular Season,0,0,16.0,6,1,1,1,0,0,0,0,2,-12,7,2,0.286,4,0,0.0,2,2,1.0,144,115,0
1626162,2021,22101196,2022-04-07 19:00:00,Charlotte,Hornets,Orlando,Magic,Regular Season,1,1,23.0,16,1,6,5,1,0,0,0,3,41,9,5,0.556,5,2,0.4,6,4,0.667,128,101,0
1626162,2021,22101208,2022-04-08 20:00:00,Charlotte,Hornets,Chicago,Bulls,Regular Season,0,1,23.0,18,2,4,4,0,0,2,1,2,-14,10,6,0.6,8,4,0.5,2,2,1.0,117,133,0
1626162,2021,22101217,2022-04-10 15:30:00,Charlotte,Hornets,Washington,Wizards,Regular Season,1,1,16.0,6,1,3,3,0,0,1,0,2,19,5,2,0.4,5,2,0.4,2,0,0.0,124,108,0
1626162,2021,52100111,2022-04-13 19:00:00,Charlotte,Hornets,Atlanta,Hawks,Play-in Tournament,0,0,15.0,3,0,3,3,0,0,0,1,1,-5,5,1,0.2,4,1,0.25,0,0,0.0,132,103,0
1626162,2022,12200005,2022-10-02 13:00:00,Charlotte,Hornets,Boston,Celtics,Preseason,0,0,21.0,17,0,2,0,2,0,3,1,4,-6,11,6,0.545,6,2,0.333,3,3,1.0,134,93,0
1626162,2022,12200018,2022-10-05 19:00:00,Charlotte,Hornets,Indiana,Pacers,Preseason,1,0,25.0,11,1,9,9,0,1,2,0,0,-5,14,3,0.214,9,2,0.222,4,3,0.75,97,122,0
1626162,2022,12200029,2022-10-07 19:30:00,Charlotte,Hornets,Boston,Celtics,Preseason,1,0,24.0,18,0,5,4,1,0,0,1,2,-2,14,7,0.5,7,3,0.429,1,1,1.0,103,112,0
1626162,2022,12200043,2022-10-10 19:00:00,Charlotte,Hornets,Washington,Wizards,Preseason,1,0,0.0,0,0,0,0,0,0,0,0,0,0,0,0,0.0,0,0,0.0,0,0,0.0,107,116,0
1626162,2022,12200054,2022-10-12 19:00:00,Charlotte,Hornets,Philadelphia,76ers,Preseason,0,0,11.0,2,0,2,2,0,1,0,2,2,-5,5,1,0.2,2,0,0.0,1,0,0.0,99,94,0
1626162,2022,22200011,2022-10-19 20:00:00,Charlotte,Hornets,San Antonio,Spurs,Regular Season,0,1,22.0,13,2,4,4,0,0,3,0,4,36,10,5,0.5,3,1,0.333,3,2,0.667,102,129,0
1626162,2022,22200017,2022-10-21 19:00:00,Charlotte,Hornets,New Orleans,Pelicans,Regular Season,1,0,30.0,15,0,4,3,1,0,3,2,4,-24,13,6,0.462,6,2,0.333,2,1,0.5,112,124,0
1626162,2022,22200038,2022-10-23 17:00:00,Charlotte,Hornets,Atlanta,Hawks,Regular Season,0,1,32.0,24,0,10,8,2,0,1,1,4,12,20,9,0.45,6,3,0.5,3,3,1.0,109,126,0
1626162,2022,22200058,2022-10-26 19:30:00,Charlotte,Hornets,New York,Knicks,Regular Season,0,0,35.0,17,0,5,4,1,1,2,2,5,-10,18,7,0.389,6,1,0.167,3,2,0.667,134,131,0
1626162,2022,22200071,2022-10-28 19:00:00,Charlotte,Hornets,Orlando,Magic,Regular Season,0,0,21.0,12,1,4,2,2,0,0,1,1,-13,16,4,0.25,10,2,0.2,4,2,0.5,113,93,0
1626162,2022,22200082,2022-10-29 19:00:00,Charlotte,Hornets,Golden State,Warriors,Regular Season,1,1,38.0,18,5,5,4,1,1,0,0,0,10,18,7,0.389,7,3,0.429,2,1,0.5,120,113,0
1626162,2022,22200096,2022-10-31 19:00:00,Charlotte,Hornets,Sacramento,Kings,Regular Season,1,0,25.0,16,2,4,4,0,0,1,2,2,-10,13,6,0.462,8,4,0.5,0,0,0.0,108,115,0
1626162,2022,22200111,2022-11-02 20:00:00,Charlotte,Hornets,Chicago,Bulls,Regular Season,0,0,30.0,24,1,5,4,1,1,2,0,2,-10,17,9,0.529,11,5,0.455,2,1,0.5,106,88,0
1626162,2022,22200125,2022-11-04 20:00:00,Charlotte,Hornets,Memphis,Grizzlies,Regular Season,0,0,24.0,17,1,1,1,0,0,2,2,3,-40,12,5,0.417,5,2,0.4,6,5,0.833,130,99,0
1626162,2022,22200133,2022-11-05 19:00:00,Charlotte,Hornets,Brooklyn,Nets,Regular Season,1,0,31.0,18,0,1,1,0,0,0,1,5,-14,14,5,0.357,11,4,0.364,7,4,0.571,94,98,0
1626162,2022,22200144,2022-11-07 19:00:00,Charlotte,Hornets,Washington,Wizards,Regular Season,1,0,28.0,20,0,1,1,0,0,0,1,5,-3,20,8,0.4,7,1,0.143,3,3,1.0,100,108,0
1626162,2022,22200159,2022-11-09 19:00:00,Charlotte,Hornets,Portland,Trail Blazers,Regular Season,1,0,35.0,16,3,8,4,4,0,1,1,2,-4,19,5,0.263,11,1,0.091,7,5,0.714,95,105,0
1626162,2022,22200174,2022-11-10 19:30:00,Charlotte,Hornets,Miami,Heat,Regular Season,0,0,38.0,29,2,7,7,0,1,2,3,5,2,20,11,0.55,13,7,0.538,0,0,0.0,117,112,0
1626162,2022,22200189,2022-11-12 20:00:00,Charlotte,Hornets,Miami,Heat,Regular Season,0,0,33.0,20,1,8,7,1,1,0,1,1,-22,16,8,0.5,5,2,0.4,3,2,0.667,132,115,0
1626162,2022,22200200,2022-11-14 19:00:00,Charlotte,Hornets,Orlando,Magic,Regular Season,0,1,33.0,16,0,5,2,3,0,6,1,4,17,18,5,0.278,6,0,0.0,8,6,0.75,105,112,0
1626162,2022,22200211,2022-11-16 19:00:00,Charlotte,Hornets,Indiana,Pacers,Regular Season,1,0,35.0,17,2,13,6,7,0,2,1,4,-11,21,8,0.381,7,1,0.143,0,0,0.0,113,125,0
1626162,2022,22200225,2022-11-18 19:30:00,Charlotte,Hornets,Cleveland,Cavaliers,Regular Season,0,0,38.0,34,0,3,2,1,0,3,2,6,6,21,12,0.571,9,5,0.556,5,5,1.0,132,122,0
1626162,2022,22200241,2022-11-20 18:00:00,Charlotte,Hornets,Washington,Wizards,Regular Season,0,0,29.0,23,0,7,6,1,1,1,0,3,-3,20,10,0.5,7,1,0.143,2,2,1.0,106,102,0
1626162,2022,22200260,2022-11-23 19:00:00,Charlotte,Hornets,Philadelphia,76ers,Regular Season,1,1,32.0,14,1,4,2,2,0,2,1,3,4,15,6,0.4,6,0,0.0,2,2,1.0,107,101,0
1626162,2022,22200272,2022-11-25 17:00:00,Charlotte,Hornets,Minnesota,Timberwolves,Regular Season,1,1,34.0,28,2,6,4,2,0,3,0,1,7,21,10,0.476,7,3,0.429,8,5,0.625,110,108,0
1626162,2022,22200301,2022-11-28 19:30:00,Charlotte,Hornets,Boston,Celtics,Regular Season,0,0,26.0,22,3,5,3,2,0,2,3,2,-37,18,11,0.611,4,0,0.0,1,0,0.0,140,105,0
1626162,2022,22200326,2022-12-02 19:00:00,Charlotte,Hornets,Washington,Wizards,Regular Season,1,1,37.0,22,2,7,4,3,0,2,0,3,-11,21,9,0.429,5,2,0.4,4,2,0.5,117,116,0
1626162,2022,22200339,2022-12-03 18:00:00,Charlotte,Hornets,Milwaukee,Bucks,Regular Season,1,0,39.0,20,0,2,2,0,0,2,1,4,3,14,4,0.286,5,1,0.2,12,11,0.917,96,105,0
1626162,2022,22200352,2022-12-05 19:00:00,Charlotte,Hornets,Los Angeles,Clippers,Regular Season,1,0,40.0,28,2,7,3,4,0,0,1,0,-2,23,10,0.435,10,4,0.4,6,4,0.667,117,119,0
1626162,2022,22200364,2022-12-07 19:30:00,Charlotte,Hornets,Brooklyn,Nets,Regular Season,0,0,40.0,28,1,8,6,2,1,2,2,1,-14,20,11,0.55,7,3,0.429,5,3,0.6,122,116,0
1626162,2022,22200377,2022-12-09 19:00:00,Charlotte,Hornets,New York,Knicks,Regular Season,1,0,37.0,22,1,4,2,2,1,2,1,0,-11,20,8,0.4,8,2,0.25,5,4,0.8,102,121,0
1626162,2022,22200399,2022-12-11 18:00:00,Charlotte,Hornets,Philadelphia,76ers,Regular Season,0,0,36.0,29,1,3,2,1,1,2,2,5,-6,23,11,0.478,8,3,0.375,7,4,0.571,131,113,0
1626162,2022,22200414,2022-12-14 19:00:00,Charlotte,Hornets,Detroit,Pistons,Regular Season,1,0,39.0,28,1,8,7,1,1,3,1,5,-4,27,10,0.37,13,5,0.385,5,3,0.6,134,141,0
1626162,2022,22200428,2022-12-16 19:00:00,Charlotte,Hornets,Atlanta,Hawks,Regular Season,1,0,30.0,16,1,7,5,2,1,0,1,3,-27,19,5,0.263,10,3,0.3,4,3,0.75,106,125,0
1626162,2022,22200450,2022-12-18 20:00:00,Charlotte,Hornets,Denver,Nuggets,Regular Season,0,0,34.0,16,2,1,1,0,0,2,0,2,-16,18,7,0.389,8,2,0.25,0,0,0.0,119,115,0
1626162,2022,22200460,2022-12-19 22:00:00,Charlotte,Hornets,Sacramento,Kings,Regular Season,0,1,38.0,31,1,9,8,1,1,1,4,2,1,25,12,0.48,8,3,0.375,6,4,0.667,119,125,0
1626162,2022,22200476,2022-12-21 22:30:00,Charlotte,Hornets,Los Angeles,Clippers,Regular Season,0,0,28.0,13,2,2,1,1,0,3,1,4,-39,15,4,0.267,6,1,0.167,5,4,0.8,126,105,0
1626162,2022,22200492,2022-12-23 22:30:00,Charlotte,Hornets,Los Angeles,Lakers,Regular Season,0,1,30.0,19,1,5,4,1,0,0,2,5,-10,15,8,0.533,6,1,0.167,2,2,1.0,130,134,0
1626162,2022,22200504,2022-12-26 22:00:00,Charlotte,Hornets,Portland,Trail Blazers,Regular Season,0,0,33.0,15,1,5,2,3,0,0,2,3,8,15,5,0.333,8,2,0.25,6,3,0.5,124,113,0
1626162,2022,22200523,2022-12-29 19:00:00,Charlotte,Hornets,Oklahoma City,Thunder,Regular Season,1,1,13.0,6,0,1,1,0,1,0,1,1,-1,9,2,0.222,3,0,0.0,2,2,1.0,121,113,0
1626162,2022,22200767,2023-01-31 20:00:00,Charlotte,Hornets,Milwaukee,Bucks,Regular Season,0,0,0.0,0,0,0,0,0,0,0,0,0,0,0,0,0.0,0,0,0.0,0,0,0.0,124,115,0
1626162,2022,22200838,2023-02-10 19:30:00,Charlotte,Hornets,Boston,Celtics,Regular Season,0,0,0.0,0,0,0,0,0,0,0,0,0,0,0,0,0.0,0,0,0.0,0,0,0.0,127,116,0
1626162,2022,22200847,2023-02-11 19:00:00,Charlotte,Hornets,Denver,Nuggets,Regular Season,1,0,0.0,0,0,0,0,0,0,0,0,0,0,0,0,0.0,0,0,0.0,0,0,0.0,105,119,0
1626162,2022,22200857,2023-02-13 19:00:00,Charlotte,Hornets,Atlanta,Hawks,Regular Season,1,1,0.0,0,0,0,0,0,0,0,0,0,0,0,0,0.0,0,0,0.0,0,0,0.0,144,138,0
1626162,2022,22200873,2023-02-15 19:00:00,Charlotte,Hornets,San Antonio,Spurs,Regular Season,1,1,0.0,0,0,0,0,0,0,0,0,0,0,0,0,0.0,0,0,0.0,0,0,0.0,120,110,0
1626162,2022,22200898,2023-02-24 20:00:00,Charlotte,Hornets,Minnesota,Timberwolves,Regular Season,0,1,23.0,8,0,3,2,1,0,1,2,2,2,6,2,0.333,3,0,0.0,4,4,1.0,113,121,0
1626162,2022,22200904,2023-02-25 19:00:00,Charlotte,Hornets,Miami,Heat,Regular Season,1,1,22.0,15,0,8,7,1,0,0,1,2,7,10,5,0.5,2,1,0.5,5,4,0.8,108,103,0
1626162,2022,22200919,2023-02-27 19:00:00,Charlotte,Hornets,Detroit,Pistons,Regular Season,1,1,27.0,18,0,5,5,0,0,2,2,5,1,12,6,0.5,6,3,0.5,3,3,1.0,117,106,0
1626162,2022,22200933,2023-03-01 19:00:00,Charlotte,Hornets,Phoenix,Suns,Regular Season,1,0,38.0,26,1,9,6,3,1,0,1,4,-9,24,9,0.375,10,3,0.3,5,5,1.0,91,105,0
1626162,2022,22200946,2023-03-03 19:00:00,Charlotte,Hornets,Orlando,Magic,Regular Season,1,0,40.0,29,2,10,9,1,0,2,3,4,-9,19,10,0.526,9,4,0.444,5,5,1.0,106,117,0
1626162,2022,22200965,2023-03-05 18:00:00,Charlotte,Hornets,Brooklyn,Nets,Regular Season,0,0,35.0,17,0,7,7,0,1,0,1,3,-7,15,5,0.333,4,0,0.0,8,7,0.875,102,86,0
1626162,2022,22200979,2023-03-07 19:30:00,Charlotte,Hornets,New York,Knicks,Regular Season,0,1,35.0,27,2,5,4,1,1,0,1,4,7,17,10,0.588,6,3,0.5,4,4,1.0,105,112,0
1626162,2022,22200992,2023-03-09 19:00:00,Charlotte,Hornets,Detroit,Pistons,Regular Season,0,1,38.0,27,2,4,0,4,0,1,0,1,-2,16,9,0.563,7,4,0.571,5,5,1.0,103,113,0
1626162,2022,22201005,2023-03-11 19:00:00,Charlotte,Hornets,Utah,Jazz,Regular Season,1,0,36.0,24,1,5,4,1,1,0,0,3,-2,20,7,0.35,12,6,0.5,4,4,1.0,111,119,0
1626162,2022,22201015,2023-03-12 17:00:00,Charlotte,Hornets,Cleveland,Cavaliers,Regular Season,1,0,0.0,0,0,0,0,0,0,0,0,0,0,0,0,0.0,0,0,0.0,0,0,0.0,108,114,0
1626162,2022,22201027,2023-03-14 19:00:00,Charlotte,Hornets,Cleveland,Cavaliers,Regular Season,1,0,33.0,28,1,6,5,1,1,0,4,4,-10,17,11,0.647,4,1,0.25,5,5,1.0,104,120,0
1626162,2022,22201047,2023-03-17 19:00:00,Charlotte,Hornets,Philadelphia,76ers,Regular Season,1,0,30.0,11,1,2,2,0,0,1,1,2,-28,12,2,0.167,6,0,0.0,10,7,0.7,82,121,0
1626162,2022,22201071,2023-03-20 19:00:00,Charlotte,Hornets,Indiana,Pacers,Regular Season,1,1,33.0,28,0,3,3,0,0,4,3,2,12,17,10,0.588,7,3,0.429,9,5,0.556,115,109,0
1626162,2022,22201095,2023-03-23 20:00:00,Charlotte,Hornets,New Orleans,Pelicans,Regular Season,0,0,12.0,8,2,3,3,0,0,2,1,1,-4,10,4,0.4,3,0,0.0,1,0,0.0,115,96,0
1626162,2022,22201163,2023-04-02 13:00:00,Charlotte,Hornets,Toronto,Raptors,Regular Season,1,0,0.0,0,0,0,0,0,0,0,0,0,0,0,0,0.0,0,0,0.0,0,0,0.0,108,128,0
1626162,2022,22201176,2023-04-04 19:00:00,Charlotte,Hornets,Toronto,Raptors,Regular Season,1,0,0.0,0,0,0,0,0,0,0,0,0,0,0,0,0.0,0,0,0.0,0,0,0.0,100,120,0
1626162,2022,22201202,2023-04-07 19:00:00,Charlotte,Hornets,Houston,Rockets,Regular Season,1,0,0.0,0,0,0,0,0,0,0,0,0,0,0,0,0.0,0,0,0.0,0,0,0.0,109,112,0
1626162,2023,12300006,2023-10-08 18:00:00,Philadelphia,76ers,Boston,Celtics,Preseason,0,0,13.0,6,1,4,3,1,0,0,1,1,-3,7,2,0.286,3,0,0.0,3,2,0.667,114,106,0
1626162,2023,12300023,2023-10-11 19:00:00,Philadelphia,76ers,Boston,Celtics,Preseason,1,0,22.0,18,1,3,2,1,2,0,3,1,-14,8,6,0.75,6,4,0.667,3,2,0.667,101,112,0
1626162,2023,12300046,2023-10-16 19:30:00,Philadelphia,76ers,Brooklyn,Nets,Preseason,0,1,33.0,21,4,4,2,2,2,2,1,0,9,24,9,0.375,9,3,0.333,1,0,0.0,119,127,0
1626162,2023,12300068,2023-10-20 19:00:00,Philadelphia,76ers,Atlanta,Hawks,Preseason,1,1,23.0,11,1,2,1,1,0,2,2,1,1,9,4,0.444,4,0,0.0,5,3,0.6,120,106,0
1626162,2023,22300075,2023-10-26 19:30:00,Philadelphia,76ers,Milwaukee,Bucks,Regular Season,0,0,32.0,27,0,4,3,1,0,1,3,4,14,11,9,0.818,6,5,0.833,4,4,1.0,118,117,0
1626162,2023,22300092,2023-10-28 19:30:00,Philadelphia,76ers,Toronto,Raptors,Regular Season,0,1,29.0,18,2,5,3,2,0,3,0,3,3,17,7,0.412,6,0,0.0,5,4,0.8,107,114,0
1626162,2023,22300098,2023-10-29 19:30:00,Philadelphia,76ers,Portland,Trail Blazers,Regular Season,1,1,25.0,12,0,3,2,1,1,2,1,1,-1,10,3,0.3,4,0,0.0,6,6,1.0,126,98,0
1626162,2023,22300128,2023-11-02 19:00:00,Philadelphia,76ers,Toronto,Raptors,Regular Season,1,1,29.0,23,0,5,2,3,0,1,0,3,8,13,8,0.615,6,5,0.833,3,2,0.667,114,99,0
1626162,2023,22300132,2023-11-04 13:00:00,Philadelphia,76ers,Phoenix,Suns,Regular Season,1,1,35.0,25,0,3,3,0,1,0,0,3,11,18,10,0.556,7,3,0.429,3,2,0.667,112,100,0
1626162,2023,22300148,2023-11-06 19:00:00,Philadelphia,76ers,Washington,Wizards,Regular Season,1,1,26.0,3,1,5,4,1,1,1,3,2,-6,5,1,0.2,2,0,0.0,2,1,0.5,146,128,0
1626162,2023,22300159,2023-11-08 19:00:00,Philadelphia,76ers,Boston,Celtics,Regular Season,1,1,26.0,14,1,8,7,1,0,1,0,0,2,11,6,0.545,3,1,0.333,2,1,0.5,106,103,0
1626162,2023,22300008,2023-11-10 19:00:00,Philadelphia,76ers,Detroit,Pistons,NBA Emirates Cup,0,1,26.0,8,1,8,6,2,0,2,0,3,7,9,3,0.333,3,0,0.0,3,2,0.667,106,114,0
1626162,2023,22301208,2023-12-06 19:00:00,Philadelphia,76ers,Washington,Wizards,Regular Season,0,1,19.0,12,1,3,2,1,0,0,1,1,-3,8,5,0.625,3,1,0.333,1,1,1.0,126,131,0
1626162,2023,22301218,2023-12-08 19:00:00,Philadelphia,76ers,Atlanta,Hawks,Regular Season,1,1,23.0,11,1,3,1,2,1,2,0,1,1,9,4,0.444,4,1,0.25,4,2,0.5,125,114,0
1626162,2023,22300295,2023-12-11 19:00:00,Philadelphia,76ers,Washington,Wizards,Regular Season,1,1,17.0,7,1,5,4,1,0,1,0,3,23,8,3,0.375,4,1,0.25,0,0,0.0,146,101,0
1626162,2023,22300310,2023-12-13 19:00:00,Philadelphia,76ers,Detroit,Pistons,Regular Season,0,1,22.0,17,1,3,3,0,0,2,2,2,18,9,7,0.778,4,2,0.5,2,1,0.5,111,129,0
1626162,2023,22300327,2023-12-15 19:00:00,Philadelphia,76ers,Detroit,Pistons,Regular Season,1,1,17.0,11,1,3,2,1,0,0,0,3,6,11,4,0.364,5,1,0.2,2,2,1.0,124,92,0
1626162,2023,22300335,2023-12-16 19:00:00,Philadelphia,76ers,Charlotte,Hornets,Regular Season,0,1,20.0,12,0,4,2,2,0,0,1,2,27,10,5,0.5,5,2,0.4,0,0,0.0,82,135,0
1626162,2023,22300351,2023-12-18 19:00:00,Philadelphia,76ers,Chicago,Bulls,Regular Season,1,0,24.0,6,0,3,3,0,0,1,0,3,-10,10,2,0.2,5,1,0.2,2,1,0.5,104,108,0
1626162,2023,22300367,2023-12-20 19:00:00,Philadelphia,76ers,Minnesota,Timberwolves,Regular Season,1,1,29.0,7,0,2,2,0,0,2,1,3,-7,6,3,0.5,3,1,0.333,1,0,0.0,127,113,0
1626162,2023,22300382,2023-12-22 19:00:00,Philadelphia,76ers,Toronto,Raptors,Regular Season,1,1,25.0,8,0,3,3,0,0,1,0,4,-3,9,3,0.333,6,2,0.333,0,0,0.0,121,111,0
1626162,2023,22300404,2023-12-25 20:00:00,Philadelphia,76ers,Miami,Heat,Regular Season,0,0,39.0,25,3,7,6,1,1,1,1,3,10,16,9,0.563,9,6,0.667,3,1,0.333,119,113,0
1626162,2023,22300415,2023-12-27 19:00:00,Philadelphia,76ers,Orlando,Magic,Regular Season,0,1,28.0,4,1,4,3,1,2,2,1,1,16,7,1,0.143,4,1,0.25,2,1,0.5,92,112,0
1626162,2023,22300434,2023-12-29 20:00:00,Philadelphia,76ers,Houston,Rockets,Regular Season,0,1,24.0,13,1,1,1,0,0,0,3,1,-4,7,4,0.571,4,3,0.75,2,2,1.0,127,131,0
1626162,2023,22300442,2023-12-30 20:00:00,Philadelphia,76ers,Chicago,Bulls,Regular Season,0,0,28.0,11,2,5,2,3,1,2,0,2,-11,13,5,0.385,5,0,0.0,1,1,1.0,105,92,0
1626162,2023,22300459,2024-01-02 19:00:00,Philadelphia,76ers,Chicago,Bulls,Regular Season,1,1,26.0,16,3,3,3,0,0,3,1,3,28,8,5,0.625,5,3,0.6,3,3,1.0,110,97,0
1626162,2023,22300483,2024-01-05 19:30:00,Philadelphia,76ers,New York,Knicks,Regular Season,1,0,30.0,15,1,7,5,2,3,0,3,2,-20,12,6,0.5,6,3,0.5,0,0,0.0,92,128,0
1626162,2023,22300495,2024-01-06 19:30:00,Philadelphia,76ers,Utah,Jazz,Regular Season,1,0,37.0,24,4,4,3,1,0,1,0,5,1,18,8,0.444,6,1,0.167,8,7,0.875,109,120,0
1626162,2023,22300521,2024-01-10 19:30:00,Philadelphia,76ers,Atlanta,Hawks,Regular Season,0,0,31.0,7,2,3,3,0,0,1,1,3,-8,11,3,0.273,3,0,0.0,2,1,0.5,139,132,0
1626162,2023,22300532,2024-01-12 19:30:00,Philadelphia,76ers,Sacramento,Kings,Regular Season,1,1,0.0,0,0,0,0,0,0,0,0,0,0,0,0,0.0,0,0,0.0,0,0,0.0,112,93,0
1626162,2023,22300555,2024-01-15 13:00:00,Philadelphia,76ers,Houston,Rockets,Regular Season,1,1,25.0,7,0,2,2,0,0,4,1,3,-12,8,3,0.375,3,1,0.333,0,0,0.0,124,115,0
1626162,2023,22300566,2024-01-16 19:30:00,Philadelphia,76ers,Denver,Nuggets,Regular Season,1,1,26.0,11,0,5,5,0,0,1,2,4,-3,9,5,0.556,4,1,0.25,1,0,0.0,126,121,0
1626162,2023,22300585,2024-01-19 19:00:00,Philadelphia,76ers,Orlando,Magic,Regular Season,0,1,32.0,15,2,4,3,1,1,0,0,5,4,8,5,0.625,4,3,0.75,2,2,1.0,109,124,0
1626162,2023,22300593,2024-01-20 19:00:00,Philadelphia,76ers,Charlotte,Hornets,Regular Season,0,1,26.0,5,0,8,8,0,0,2,2,3,-5,7,2,0.286,5,1,0.2,0,0,0.0,89,97,0
1626162,2023,22300608,2024-01-22 19:00:00,Philadelphia,76ers,San Antonio,Spurs,Regular Season,1,1,24.0,8,0,3,3,0,0,0,0,4,-5,6,3,0.5,1,0,0.0,5,2,0.4,133,123,0
1626162,2023,22300627,2024-01-25 19:00:00,Philadelphia,76ers,Indiana,Pacers,Regular Season,0,0,21.0,4,2,2,1,1,3,1,0,4,-14,5,2,0.4,2,0,0.0,1,0,0.0,134,122,0
1626162,2023,22300644,2024-01-27 17:30:00,Philadelphia,76ers,Denver,Nuggets,Regular Season,0,0,39.0,25,4,5,3,2,2,0,1,5,-8,17,9,0.529,4,1,0.25,7,6,0.857,111,105,0
1626162,2023,22300668,2024-01-29 22:00:00,Philadelphia,76ers,Portland,Trail Blazers,Regular Season,0,0,31.0,25,1,6,4,2,0,0,1,3,-18,20,11,0.55,5,0,0.0,3,3,1.0,130,104,0
1626162,2023,22300673,2024-01-30 22:00:00,Philadelphia,76ers,Golden State,Warriors,Regular Season,0,0,34.0,15,0,6,3,3,0,1,2,2,-15,14,7,0.5,3,0,0.0,2,1,0.5,119,107,0
1626162,2023,22300686,2024-02-01 22:00:00,Philadelphia,76ers,Utah,Jazz,Regular Season,0,1,39.0,16,2,4,3,1,3,2,0,4,-1,14,6,0.429,6,3,0.5,2,1,0.5,124,127,0
1626162,2023,22300698,2024-02-03 18:00:00,Philadelphia,76ers,Brooklyn,Nets,Regular Season,1,0,25.0,16,0,4,3,1,0,1,0,3,-11,14,3,0.214,5,0,0.0,10,10,1.0,121,136,0
1626162,2023,22300715,2024-02-05 19:00:00,Philadelphia,76ers,Dallas,Mavericks,Regular Season,1,0,31.0,19,0,6,2,4,0,1,0,3,-17,17,7,0.412,7,2,0.286,5,3,0.6,102,118,0
1626162,2023,22300727,2024-02-07 19:30:00,Philadelphia,76ers,Golden State,Warriors,Regular Season,1,0,24.0,11,0,3,2,1,1,0,1,2,-15,15,5,0.333,4,1,0.25,0,0,0.0,104,127,0
1626162,2023,22300742,2024-02-09 19:00:00,Philadelphia,76ers,Atlanta,Hawks,Regular Season,1,0,39.0,28,1,12,7,5,1,1,0,4,-2,19,8,0.421,8,2,0.25,14,10,0.714,121,127,0
1626162,2023,22300753,2024-02-10 19:00:00,Philadelphia,76ers,Washington,Wizards,Regular Season,0,1,39.0,16,4,7,5,2,1,1,2,4,11,13,6,0.462,5,1,0.2,4,3,0.75,113,119,0
1626162,2023,22300762,2024-02-12 19:00:00,Philadelphia,76ers,Cleveland,Cavaliers,Regular Season,0,1,41.0,24,1,3,2,1,1,2,0,2,7,14,10,0.714,3,2,0.667,2,2,1.0,121,123,0
1626162,2023,22300779,2024-02-14 19:00:00,Philadelphia,76ers,Miami,Heat,Regular Season,1,0,32.0,9,2,3,3,0,0,1,1,6,-8,11,4,0.364,4,0,0.0,2,1,0.5,104,109,0
1626162,2023,22300794,2024-02-22 19:00:00,Philadelphia,76ers,New York,Knicks,Regular Season,1,0,33.0,14,0,4,3,1,0,2,5,3,-3,14,6,0.429,3,0,0.0,2,2,1.0,96,110,0
1626162,2023,22300805,2024-02-23 19:30:00,Philadelphia,76ers,Cleveland,Cavaliers,Regular Season,1,1,28.0,10,1,5,4,1,0,1,3,5,3,9,4,0.444,3,1,0.333,2,1,0.5,104,97,0
1626162,2023,22300817,2024-02-25 13:00:00,Philadelphia,76ers,Milwaukee,Bucks,Regular Season,1,0,29.0,12,2,9,4,5,0,3,3,3,-21,15,5,0.333,5,1,0.2,2,1,0.5,98,119,0
1626162,2023,22300836,2024-02-27 19:30:00,Philadelphia,76ers,Boston,Celtics,Regular Season,0,0,21.0,3,1,1,1,0,0,1,0,3,-6,6,1,0.167,2,0,0.0,2,1,0.5,117,99,0
1626162,2023,22300858,2024-03-01 19:00:00,Philadelphia,76ers,Charlotte,Hornets,Regular Season,1,1,0.0,0,0,0,0,0,0,0,0,0,0,0,0,0.0,0,0,0.0,0,0,0.0,121,114,0
1626162,2023,22300871,2024-03-03 13:00:00,Philadelphia,76ers,Dallas,Mavericks,Regular Season,0,1,25.0,21,4,5,2,3,1,0,0,4,-9,17,7,0.412,7,1,0.143,7,6,0.857,116,120,0
1626162,2023,22300887,2024-03-05 19:30:00,Philadelphia,76ers,Brooklyn,Nets,Regular Season,0,0,36.0,30,4,6,5,1,0,0,1,4,3,20,11,0.55,5,2,0.4,8,6,0.75,112,107,0
1626162,2023,22300896,2024-03-06 19:30:00,Philadelphia,76ers,Memphis,Grizzlies,Regular Season,1,0,34.0,25,1,4,2,2,1,2,5,2,-10,21,7,0.333,7,2,0.286,9,9,1.0,109,115,0
1626162,2023,22300909,2024-03-08 19:00:00,Philadelphia,76ers,New Orleans,Pelicans,Regular Season,1,0,34.0,20,2,7,6,1,0,0,1,4,-12,18,7,0.389,6,2,0.333,7,4,0.571,95,103,0
1626162,2023,22300927,2024-03-10 19:00:00,Philadelphia,76ers,New York,Knicks,Regular Season,0,1,32.0,18,3,10,5,5,0,3,3,5,-4,19,6,0.316,3,0,0.0,9,6,0.667,73,79,0
1626162,2023,22300939,2024-03-12 19:30:00,Philadelphia,76ers,New York,Knicks,Regular Season,0,0,29.0,19,1,6,5,1,0,0,2,2,-19,15,7,0.467,6,3,0.5,4,2,0.5,106,79,0
1626162,2023,22300958,2024-03-14 20:00:00,Philadelphia,76ers,Milwaukee,Bucks,Regular Season,0,0,33.0,9,0,4,3,1,0,0,0,1,-4,13,4,0.308,4,0,0.0,2,1,0.5,114,105,0
1626162,2023,22300969,2024-03-16 19:00:00,Philadelphia,76ers,Charlotte,Hornets,Regular Season,1,1,33.0,22,1,3,2,1,0,1,4,4,4,16,8,0.5,5,1,0.2,5,5,1.0,109,98,0
1626162,2023,22300985,2024-03-18 19:30:00,Philadelphia,76ers,Miami,Heat,Regular Season,1,1,38.0,22,3,11,9,2,5,0,2,1,3,19,10,0.526,6,2,0.333,0,0,0.0,98,91,0
1626162,2023,22301002,2024-03-20 22:00:00,Philadelphia,76ers,Phoenix,Suns,Regular Season,0,0,35.0,18,4,5,2,3,3,3,2,1,-6,20,7,0.35,6,2,0.333,4,2,0.5,115,102,0
1626162,2023,22301018,2024-03-22 22:30:00,Philadelphia,76ers,Los Angeles,Lakers,Regular Season,0,0,35.0,19,3,6,4,2,1,3,2,1,3,18,6,0.333,5,1,0.2,7,6,0.857,101,94,0
1626162,2023,22301028,2024-03-24 15:30:00,Philadelphia,76ers,Los Angeles,Clippers,Regular Season,0,1,24.0,12,6,2,0,2,1,0,0,2,8,11,5,0.455,5,2,0.4,0,0,0.0,107,121,0
1626162,2023,22301042,2024-03-25 22:00:00,Philadelphia,76ers,Sacramento,Kings,Regular Season,0,0,0.0,0,0,0,0,0,0,0,0,0,0,0,0,0.0,0,0,0.0,0,0,0.0,108,96,0
1626162,2023,22301052,2024-03-27 19:30:00,Philadelphia,76ers,Los Angeles,Clippers,Regular Season,1,0,38.0,17,2,11,9,2,0,1,3,4,-4,17,6,0.353,3,0,0.0,5,5,1.0,107,108,0
1626162,2023,22301067,2024-03-29 19:30:00,Philadelphia,76ers,Cleveland,Cavaliers,Regular Season,0,0,20.0,4,0,4,3,1,1,0,1,5,-11,11,2,0.182,2,0,0.0,0,0,0.0,117,114,0
1626162,2023,22301080,2024-03-31 18:00:00,Philadelphia,76ers,Toronto,Raptors,Regular Season,0,1,36.0,32,3,7,5,2,2,2,4,2,25,20,10,0.5,11,6,0.545,7,6,0.857,120,135,0
1626162,2023,22301093,2024-04-02 19:30:00,Philadelphia,76ers,Oklahoma City,Thunder,Regular Season,1,1,36.0,25,2,6,4,2,1,1,2,2,8,16,8,0.5,7,4,0.571,5,5,1.0,109,105,0
1626162,2023,22301111,2024-04-04 19:30:00,Philadelphia,76ers,Miami,Heat,Regular Season,0,1,41.0,18,0,8,7,1,1,2,3,2,3,14,8,0.571,6,2,0.333,0,0,0.0,105,109,0
1626162,2023,22301129,2024-04-06 20:00:00,Philadelphia,76ers,Memphis,Grizzlies,Regular Season,0,1,26.0,17,5,5,4,1,1,2,1,3,9,10,5,0.5,5,2,0.4,7,5,0.714,96,116,0
1626162,2023,22301140,2024-04-07 19:00:00,Philadelphia,76ers,San Antonio,Spurs,Regular Season,0,1,48.0,26,5,8,7,1,0,2,3,2,1,22,12,0.545,6,2,0.333,2,0,0.0,126,133,0
1626162,2023,22301145,2024-04-09 19:00:00,Philadelphia,76ers,Detroit,Pistons,Regular Season,1,1,28.0,17,0,3,2,1,3,0,0,2,8,16,6,0.375,5,1,0.2,4,4,1.0,120,102,0
1626162,2023,22301171,2024-04-12 19:00:00,Philadelphia,76ers,Orlando,Magic,Regular Season,1,1,29.0,21,2,9,7,2,1,0,1,4,10,14,6,0.429,7,2,0.286,9,7,0.778,125,113,0
1626162,2023,22301192,2024-04-14 13:00:00,Philadelphia,76ers,Brooklyn,Nets,Regular Season,1,1,23.0,8,0,5,5,0,1,0,1,1,6,10,3,0.3,4,1,0.25,2,1,0.5,107,86,0
1626162,2023,52300101,2024-04-17 19:00:00,Philadelphia,76ers,Miami,Heat,Play-in Tournament,1,1,37.0,11,1,8,5,3,1,1,1,5,11,9,3,0.333,1,0,0.0,5,5,1.0,105,104,0
1626162,2023,42300111,2024-04-20 18:00:00,Philadelphia,76ers,New York,Knicks,Playoffs,0,0,38.0,10,1,3,2,1,1,5,2,3,6,7,3,0.429,2,1,0.5,4,3,0.75,111,104,0
1626162,2023,42300112,2024-04-22 19:30:00,Philadelphia,76ers,New York,Knicks,Playoffs,0,0,25.0,4,3,2,2,0,3,0,1,4,-1,7,2,0.286,0,0,0.0,0,0,0.0,104,101,0
1626162,2023,42300113,2024-04-25 19:30:00,Philadelphia,76ers,New York,Knicks,Playoffs,1,1,38.0,15,3,7,4,3,0,2,2,4,7,8,6,0.75,4,2,0.5,2,1,0.5,125,114,0
1626162,2023,42300114,2024-04-28 13:00:00,Philadelphia,76ers,New York,Knicks,Playoffs,1,0,39.0,19,2,3,3,0,1,1,0,5,-4,15,7,0.467,7,3,0.429,2,2,1.0,92,97,0
1626162,2023,42300115,2024-04-30 19:00:00,Philadelphia,76ers,New York,Knicks,Playoffs,0,1,39.0,14,0,4,2,2,1,2,1,3,7,13,6,0.462,3,0,0.0,3,2,0.667,106,112,0
1626162,2023,42300116,2024-05-02 21:00:00,Philadelphia,76ers,New York,Knicks,Playoffs,1,0,42.0,17,1,5,2,3,1,1,2,5,8,14,7,0.5,7,3,0.429,0,0,0.0,115,118,0
1626162,2024,12400032,2024-10-11 19:00:00,Philadelphia,76ers,Minnesota,Timberwolves,Preseason,0,0,23.45,16,1,4,3,1,0,1,2,2,6,9,6,0.667,5,3,0.6,2,1,0.5,121,111,0
1626162,2024,12400036,2024-10-12 20:00:00,Philadelphia,76ers,Boston,Celtics,Preseason,0,0,0.0,0,0,0,0,0,0,0,0,0,0,0,0,0.0,0,0,0.0,0,0,0.0,139,89,0
1626162,2024,12400046,2024-10-14 19:30:00,Philadelphia,76ers,Atlanta,Hawks,Preseason,0,1,27.12,14,1,3,2,1,0,1,1,4,5,12,4,0.333,8,1,0.125,6,5,0.833,89,104,0
1626162,2024,12400058,2024-10-16 19:00:00,Philadelphia,76ers,Brooklyn,Nets,Preseason,1,1,20.45,18,1,2,1,1,0,0,1,3,5,8,5,0.625,3,2,0.667,7,6,0.857,117,95,0
1626162,2024,12400067,2024-10-18 19:00:00,Philadelphia,76ers,Orlando,Magic,Preseason,0,0,22.38,17,2,4,3,1,0,1,2,2,1,10,6,0.6,3,0,0.0,6,5,0.833,114,99,0
1626162,2024,22400066,2024-10-23 19:30:00,Philadelphia,76ers,Milwaukee,Bucks,Regular Season,1,0,30.25,21,1,2,1,1,0,0,1,5,-20,18,8,0.444,6,1,0.167,6,4,0.667,109,124,0
1626162,2024,22400078,2024-10-25 19:00:00,Philadelphia,76ers,Toronto,Raptors,Regular Season,0,0,39.09,28,2,2,2,0,0,2,4,3,-10,17,9,0.529,6,3,0.5,8,7,0.875,115,107,0
1626162,2024,22400097,2024-10-27 15:30:00,Philadelphia,76ers,Indiana,Pacers,Regular Season,0,1,37.54,14,0,8,5,3,0,2,2,4,8,18,6,0.333,4,0,0.0,3,2,0.667,114,118,0
1626162,2024,22400120,2024-10-30 19:00:00,Philadelphia,76ers,Detroit,Pistons,Regular Season,1,0,30.54,13,1,7,5,2,0,0,1,2,-21,14,5,0.357,6,2,0.333,2,1,0.5,95,105,0
1626162,2024,22400142,2024-11-02 19:30:00,Philadelphia,76ers,Memphis,Grizzlies,Regular Season,1,0,27.16,14,0,4,3,1,1,2,0,5,-11,15,5,0.333,10,4,0.4,0,0,0.0,107,124,0
1626162,2024,22400167,2024-11-04 22:15:00,Philadelphia,76ers,Phoenix,Suns,Regular Season,0,0,32.29,11,1,4,3,1,0,2,1,6,-7,10,4,0.4,5,1,0.2,2,2,1.0,118,116,0
1626162,2024,22400179,2024-11-06 22:00:00,Philadelphia,76ers,Los Angeles,Clippers,Regular Season,0,0,24.35,18,3,2,2,0,0,1,3,5,-6,12,8,0.667,3,1,0.333,1,1,1.0,110,98,0
1626162,2024,22400195,2024-11-08 22:00:00,Philadelphia,76ers,Los Angeles,Lakers,Regular Season,0,0,30.2,9,2,6,3,3,0,0,0,0,-18,16,4,0.25,4,0,0.0,2,1,0.5,116,106,0
1626162,2024,22400205,2024-11-10 19:00:00,Philadelphia,76ers,Charlotte,Hornets,Regular Season,1,1,31.41,8,3,5,3,2,0,0,2,3,7,10,3,0.3,3,0,0.0,4,2,0.5,107,105,0
1626162,2024,22400004,2024-11-12 19:30:00,Philadelphia,76ers,New York,Knicks,Regular Season,1,0,28.38,5,1,6,5,1,2,0,1,5,-3,6,1,0.167,2,0,0.0,3,3,1.0,99,111,0
1626162,2024,22400220,2024-11-13 19:30:00,Philadelphia,76ers,Cleveland,Cavaliers,Regular Season,1,0,33.42,20,0,6,4,2,1,0,0,1,-15,14,8,0.571,5,2,0.4,2,2,1.0,106,114,0
1626162,2024,22400010,2024-11-15 19:00:00,Philadelphia,76ers,Orlando,Magic,Regular Season,0,0,25.32,5,0,4,3,1,0,1,1,4,-14,4,2,0.5,2,1,0.5,0,0,0.0,98,86,0
1626162,2024,22400245,2024-11-18 19:30:00,Philadelphia,76ers,Miami,Heat,Regular Season,0,0,26.39,8,1,5,5,0,0,1,2,1,4,8,3,0.375,4,1,0.25,1,1,1.0,106,89,0
1626162,2024,22400255,2024-11-20 20:00:00,Philadelphia,76ers,Memphis,Grizzlies,Regular Season,0,0,22.45,7,1,5,4,1,0,2,0,1,-1,5,3,0.6,2,1,0.5,0,0,0.0,117,111,0
1626162,2024,22400027,2024-11-22 19:00:00,Philadelphia,76ers,Brooklyn,Nets,Regular Season,1,1,25.37,11,3,9,4,5,2,2,2,4,21,8,4,0.5,3,1,0.333,2,2,1.0,113,98,0
1626162,2024,22400274,2024-11-24 18:00:00,Philadelphia,76ers,Los Angeles,Clippers,Regular Season,1,0,30.47,12,3,5,3,2,2,2,3,3,-40,11,6,0.545,4,0,0.0,0,0,0.0,99,125,0
1626162,2024,22400290,2024-11-27 19:00:00,Philadelphia,76ers,Houston,Rockets,Regular Season,1,0,45.2,11,1,5,4,1,1,1,2,5,-10,12,5,0.417,5,0,0.0,2,1,0.5,115,122,0
1626162,2024,22400301,2024-11-30 19:00:00,Philadelphia,76ers,Detroit,Pistons,Regular Season,0,1,30.51,14,1,6,4,2,1,2,0,1,26,11,6,0.545,5,2,0.4,0,0,0.0,96,111,0
1626162,2024,22400050,2024-12-03 19:00:00,Philadelphia,76ers,Charlotte,Hornets,Regular Season,0,1,29.09,14,0,2,1,1,0,1,0,5,-2,8,5,0.625,5,4,0.8,0,0,0.0,104,110,0
1626162,2024,22400322,2024-12-04 19:30:00,Philadelphia,76ers,Orlando,Magic,Regular Season,1,0,34.48,15,5,4,4,0,0,2,1,2,8,10,5,0.5,7,4,0.571,2,1,0.5,102,106,0
1626162,2024,22400333,2024-12-06 19:00:00,Philadelphia,76ers,Orlando,Magic,Regular Season,1,1,34.52,13,0,10,9,1,0,2,2,1,10,10,5,0.5,3,1,0.333,4,2,0.5,102,94,0
1626162,2024,22400347,2024-12-08 13:00:00,Philadelphia,76ers,Chicago,Bulls,Regular Season,0,1,37.47,12,1,10,7,3,1,3,1,2,18,6,3,0.5,3,2,0.667,4,4,1.0,100,108,0
1626162,2024,22401209,2024-12-13 19:00:00,Philadelphia,76ers,Indiana,Pacers,Regular Season,1,0,34.02,12,3,13,9,4,0,0,1,2,-12,13,6,0.462,3,0,0.0,0,0,0.0,107,121,0
1626162,2024,22401222,2024-12-16 19:00:00,Philadelphia,76ers,Charlotte,Hornets,Regular Season,0,1,39.46,19,4,9,6,3,1,2,4,1,19,11,7,0.636,4,1,0.25,6,4,0.667,108,121,0
1626162,2024,22400373,2024-12-20 19:00:00,Philadelphia,76ers,Charlotte,Hornets,Regular Season,1,1,38.58,22,2,5,4,1,0,1,0,2,12,10,8,0.8,6,4,0.667,3,2,0.667,108,98,0
1626162,2024,22400380,2024-12-21 20:00:00,Philadelphia,76ers,Cleveland,Cavaliers,Regular Season,0,0,27.17,9,0,5,3,2,1,1,1,1,-34,11,3,0.273,5,1,0.2,5,2,0.4,126,99,0
1626162,2024,22400394,2024-12-23 19:00:00,Philadelphia,76ers,San Antonio,Spurs,Regular Season,1,1,35.37,10,1,6,5,1,0,0,0,2,-1,12,4,0.333,6,0,0.0,3,2,0.667,111,106,0
1626162,2024,22400407,2024-12-25 17:00:00,Philadelphia,76ers,Boston,Celtics,Regular Season,0,1,38.29,4,2,8,8,0,2,1,0,1,-10,6,2,0.333,2,0,0.0,0,0,0.0,114,118,0
1626162,2024,22400433,2024-12-28 21:30:00,Philadelphia,76ers,Utah,Jazz,Regular Season,0,1,30.37,9,2,2,1,1,0,1,1,4,-1,7,3,0.429,3,0,0.0,4,3,0.75,111,114,0
1626162,2024,22400447,2024-12-30 22:00:00,Philadelphia,76ers,Portland,Trail Blazers,Regular Season,0,1,36.44,15,2,5,3,2,1,8,2,3,22,10,6,0.6,3,0,0.0,3,3,1.0,103,125,0
1626162,2024,22400462,2025-01-01 22:00:00,Philadelphia,76ers,Sacramento,Kings,Regular Season,0,0,0.0,0,0,0,0,0,0,0,0,0,0,0,0,0.0,0,0,0.0,0,0,0.0,113,107,0
1626162,2024,22400494,2025-01-06 19:00:00,Philadelphia,76ers,Phoenix,Suns,Regular Season,1,0,38.17,26,1,11,8,3,0,0,1,4,3,18,9,0.5,4,1,0.25,9,7,0.778,99,109,0
1626162,2024,22400512,2025-01-08 19:00:00,Philadelphia,76ers,Washington,Wizards,Regular Season,1,1,38.2,15,4,4,3,1,2,2,3,3,12,14,7,0.5,6,1,0.167,0,0,0.0,109,103,0
1626162,2024,22400527,2025-01-10 19:00:00,Philadelphia,76ers,New Orleans,Pelicans,Regular Season,1,0,38.53,21,1,7,3,4,0,2,1,4,-2,18,7,0.389,5,2,0.4,7,5,0.714,115,123,0
1626162,2024,22400544,2025-01-12 18:00:00,Philadelphia,76ers,Orlando,Magic,Regular Season,0,0,34.37,12,1,4,3,1,0,2,0,3,-4,11,5,0.455,2,0,0.0,2,2,1.0,104,99,0
1626162,2024,22400555,2025-01-14 19:00:00,Philadelphia,76ers,Oklahoma City,Thunder,Regular Season,1,0,29.54,8,2,4,3,1,0,4,1,3,-25,10,2,0.2,4,0,0.0,5,4,0.8,102,118,0
1626162,2024,22400561,2025-01-15 19:00:00,Philadelphia,76ers,New York,Knicks,Regular Season,1,0,45.24,16,1,10,9,1,1,2,2,3,-2,11,7,0.636,3,1,0.333,1,1,1.0,119,125,0
1626162,2024,22400588,2025-01-18 19:00:00,Philadelphia,76ers,Indiana,Pacers,Regular Season,0,0,38.39,18,3,8,7,1,0,1,2,3,-18,13,6,0.462,6,3,0.5,4,3,0.75,115,102,0
1626162,2024,22400594,2025-01-19 19:00:00,Philadelphia,76ers,Milwaukee,Bucks,Regular Season,0,0,38.43,19,3,6,5,1,0,0,0,3,-21,14,7,0.5,5,2,0.4,3,3,1.0,123,109,0
1626162,2024,22400609,2025-01-21 22:00:00,Philadelphia,76ers,Denver,Nuggets,Regular Season,0,0,27.0,8,2,3,3,0,1,2,1,4,-20,9,4,0.444,2,0,0.0,0,0,0.0,144,109,0
1626162,2024,22400631,2025-01-24 19:00:00,Philadelphia,76ers,Cleveland,Cavaliers,Regular Season,1,1,39.08,22,3,13,6,7,0,3,4,6,13,16,8,0.5,3,1,0.333,5,5,1.0,132,129,0
1626162,2024,22400642,2025-01-25 20:00:00,Philadelphia,76ers,Chicago,Bulls,Regular Season,0,1,36.42,22,3,12,11,1,0,1,0,2,18,18,9,0.5,5,2,0.4,5,2,0.4,97,109,0
1626162,2024,22400660,2025-01-28 19:30:00,Philadelphia,76ers,Los Angeles,Lakers,Regular Season,1,1,39.02,20,5,8,6,2,0,0,2,0,7,18,8,0.444,5,0,0.0,4,4,1.0,118,104,0
1626162,2024,22400669,2025-01-29 19:30:00,Philadelphia,76ers,Sacramento,Kings,Regular Season,1,1,36.53,15,3,6,6,0,0,4,1,2,-2,12,6,0.5,2,1,0.5,3,2,0.667,117,104,0
1626162,2024,22400681,2025-01-31 19:30:00,Philadelphia,76ers,Denver,Nuggets,Regular Season,1,0,40.53,27,5,7,4,3,1,1,3,4,-5,16,9,0.563,4,2,0.5,7,7,1.0,134,137,0
1626162,2024,22400698,2025-02-02 18:00:00,Philadelphia,76ers,Boston,Celtics,Regular Season,1,0,43.44,18,2,13,12,1,0,1,1,2,-6,17,6,0.353,3,2,0.667,8,4,0.5,110,118,0
1626162,2024,22400712,2025-02-04 19:00:00,Philadelphia,76ers,Dallas,Mavericks,Regular Season,1,1,40.44,9,3,6,5,1,1,1,1,3,0,9,4,0.444,3,1,0.333,0,0,0.0,118,116,0
1626162,2024,22400721,2025-02-05 19:30:00,Philadelphia,76ers,Miami,Heat,Regular Season,1,0,40.17,15,0,11,8,3,1,2,0,2,-9,16,6,0.375,5,1,0.2,4,2,0.5,101,108,0
1626162,2024,22400738,2025-02-07 19:30:00,Philadelphia,76ers,Detroit,Pistons,Regular Season,0,0,35.53,14,2,11,9,2,1,1,0,2,-9,11,7,0.636,1,0,0.0,0,0,0.0,125,112,0
1626162,2024,22400754,2025-02-09 14:00:00,Philadelphia,76ers,Milwaukee,Bucks,Regular Season,0,0,36.3,10,1,5,3,2,1,3,1,3,10,11,5,0.455,3,0,0.0,0,0,0.0,135,127,0
1626162,2024,22400764,2025-02-11 19:00:00,Philadelphia,76ers,Toronto,Raptors,Regular Season,1,0,38.55,12,3,7,6,1,1,2,2,3,-3,12,6,0.5,2,0,0.0,0,0,0.0,103,106,0
1626162,2024,22400772,2025-02-12 19:30:00,Philadelphia,76ers,Brooklyn,Nets,Regular Season,0,0,39.22,30,0,3,3,0,0,2,1,3,-2,16,10,0.625,3,2,0.667,8,8,1.0,100,96,0
1626162,2024,22400789,2025-02-20 19:00:00,Philadelphia,76ers,Boston,Celtics,Regular Season,1,0,34.51,16,0,4,3,1,0,3,3,5,-15,14,6,0.429,6,1,0.167,3,3,1.0,104,124,0
1626162,2024,22400807,2025-02-22 19:30:00,Philadelphia,76ers,Brooklyn,Nets,Regular Season,1,0,37.36,14,1,5,2,3,0,0,2,5,0,16,7,0.438,3,0,0.0,0,0,0.0,103,105,0
1626162,2024,22400823,2025-02-24 19:00:00,Philadelphia,76ers,Chicago,Bulls,Regular Season,1,0,33.1,19,1,8,5,3,0,0,1,5,-34,13,7,0.538,3,0,0.0,6,5,0.833,110,142,0
1626162,2024,22400838,2025-02-26 19:00:00,Philadelphia,76ers,New York,Knicks,Regular Season,0,0,41.47,27,1,5,4,1,1,3,1,4,-9,14,9,0.643,6,4,0.667,6,5,0.833,110,105,0
1626162,2024,22400864,2025-03-01 20:30:00,Philadelphia,76ers,Golden State,Warriors,Regular Season,1,1,41.44,20,1,2,1,1,1,1,2,2,1,13,6,0.462,6,3,0.5,7,5,0.714,126,119,0
1626162,2024,22400876,2025-03-03 19:00:00,Philadelphia,76ers,Portland,Trail Blazers,Regular Season,1,0,0.0,0,0,0,0,0,0,0,0,0,0,0,0,0.0,0,0,0.0,0,0,0.0,102,119,0
1626162,2024,22400887,2025-03-04 20:00:00,Philadelphia,76ers,Minnesota,Timberwolves,Regular Season,0,0,39.34,24,2,3,2,1,1,1,3,2,-12,19,11,0.579,4,1,0.25,3,1,0.333,126,112,0
1626162,2024,22400900,2025-03-06 19:30:00,Philadelphia,76ers,Boston,Celtics,Regular Season,0,0,33.51,27,6,5,3,2,0,3,3,5,-19,20,9,0.45,5,3,0.6,7,6,0.857,123,105,0
1626162,2024,22400924,2025-03-09 19:30:00,Philadelphia,76ers,Utah,Jazz,Regular Season,1,1,19.36,6,2,2,2,0,0,0,0,4,-7,7,3,0.429,2,0,0.0,0,0,0.0,126,122,0
1626162,2024,22400928,2025-03-10 19:30:00,Philadelphia,76ers,Atlanta,Hawks,Regular Season,0,0,0.0,0,0,0,0,0,0,0,0,0,0,0,0,0.0,0,0,0.0,0,0,0.0,132,123,0
1626162,2024,22400947,2025-03-12 19:30:00,Philadelphia,76ers,Toronto,Raptors,Regular Season,0,0,25.32,13,0,5,3,2,1,3,0,2,-17,12,5,0.417,2,0,0.0,6,3,0.5,118,105,0
1626162,2024,22400959,2025-03-14 19:00:00,Philadelphia,76ers,Indiana,Pacers,Regular Season,1,0,0.0,0,0,0,0,0,0,0,0,0,0,0,0,0.0,0,0,0.0,0,0,0.0,100,112,0
1626162,2024,22400976,2025-03-16 13:00:00,Philadelphia,76ers,Dallas,Mavericks,Regular Season,0,1,0.0,0,0,0,0,0,0,0,0,0,0,0,0,0.0,0,0,0.0,0,0,0.0,125,130,0
1626162,2024,22400985,2025-03-17 20:00:00,Philadelphia,76ers,Houston,Rockets,Regular Season,0,0,0.0,0,0,0,0,0,0,0,0,0,0,0,0,0.0,0,0,0.0,0,0,0.0,144,137,0
1626162,2024,22401002,2025-03-19 20:00:00,Philadelphia,76ers,Oklahoma City,Thunder,Regular Season,0,0,0.0,0,0,0,0,0,0,0,0,0,0,0,0,0.0,0,0,0.0,0,0,0.0,133,100,0
1626162,2024,22401018,2025-03-21 20:00:00,Philadelphia,76ers,San Antonio,Spurs,Regular Season,0,0,0.0,0,0,0,0,0,0,0,0,0,0,0,0,0.0,0,0,0.0,0,0,0.0,128,120,0
1626162,2024,22401031,2025-03-23 18:00:00,Philadelphia,76ers,Atlanta,Hawks,Regular Season,0,0,0.0,0,0,0,0,0,0,0,0,0,0,0,0,0.0,0,0,0.0,0,0,0.0,132,119,0
1626162,2024,22401041,2025-03-24 20:00:00,Philadelphia,76ers,New Orleans,Pelicans,Regular Season,0,0,0.0,0,0,0,0,0,0,0,0,0,0,0,0,0.0,0,0,0.0,0,0,0.0,112,99,0
1626162,2024,22401053,2025-03-26 19:00:00,Philadelphia,76ers,Washington,Wizards,Regular Season,1,0,0.0,0,0,0,0,0,0,0,0,0,0,0,0,0.0,0,0,0.0,0,0,0.0,114,119,0
1626162,2024,22401076,2025-03-29 19:30:00,Philadelphia,76ers,Miami,Heat,Regular Season,1,0,0.0,0,0,0,0,0,0,0,0,0,0,0,0,0.0,0,0,0.0,0,0,0.0,95,118,0
1626162,2024,22401087,2025-03-30 19:30:00,Philadelphia,76ers,Toronto,Raptors,Regular Season,1,0,0.0,0,0,0,0,0,0,0,0,0,0,0,0,0.0,0,0,0.0,0,0,0.0,109,127,0
1626162,2024,22401098,2025-04-01 19:30:00,Philadelphia,76ers,New York,Knicks,Regular Season,0,0,0.0,0,0,0,0,0,0,0,0,0,0,0,0,0.0,0,0,0.0,0,0,0.0,105,91,0
1626162,2024,22401115,2025-04-03 19:00:00,Philadelphia,76ers,Milwaukee,Bucks,Regular Season,1,0,0.0,0,0,0,0,0,0,0,0,0,0,0,0,0.0,0,0,0.0,0,0,0.0,113,126,0
1626162,2024,22401130,2025-04-05 19:00:00,Philadelphia,76ers,Minnesota,Timberwolves,Regular Season,1,0,0.0,0,0,0,0,0,0,0,0,0,0,0,0,0.0,0,0,0.0,0,0,0.0,109,114,0
1626162,2024,22401191,2025-04-13 13:00:00,Philadelphia,76ers,Chicago,Bulls,Regular Season,1,0,0.0,0,0,0,0,0,0,0,0,0,0,0,0,0.0,0,0,0.0,0,0,0.0,102,122,0
1626162,2025,12500008,2025-10-02 12:00:00,Philadelphia,76ers,New York,Knicks,Preseason,0,0,22.58,8,3,4,3,1,2,1,1,2,-12,8,2,0.25,4,1,0.25,4,3,0.75,99,84,11983
1626162,2025,12500010,2025-10-04 11:00:00,Philadelphia,76ers,New York,Knicks,Preseason,1,0,26.14,13,3,5,4,1,1,2,0,3,-9,13,5,0.385,5,2,0.4,4,1,0.25,104,113,0
1626162,2025,12500070,2025-10-10 19:00:00,Philadelphia,76ers,Orlando,Magic,Preseason,1,0,17.53,12,2,5,5,0,1,2,3,3,-2,7,3,0.429,2,1,0.5,6,5,0.833,98,128,16496
1626162,2025,12500071,2025-10-17 19:00:00,Philadelphia,76ers,Minnesota,Timberwolves,Preseason,1,1,24.55,4,1,3,2,1,1,0,1,1,6,8,1,0.125,2,0,0.0,2,2,1.0,126,110,17824
1626162,2025,22500083,2025-10-22 19:30:00,Philadelphia,76ers,Boston,Celtics,Regular Season,0,1,33.33,10,1,4,4,0,1,0,2,1,-8,6,2,0.333,6,2,0.333,4,4,1.0,116,117,19156
1626162,2025,22500102,2025-10-25 19:30:00,Philadelphia,76ers,Charlotte,Hornets,Regular Season,1,1,37.26,19,1,1,1,0,0,2,0,3,18,10,7,0.7,3,2,0.667,3,3,1.0,125,121,19124
1626162,2025,22500114,2025-10-27 19:00:00,Philadelphia,76ers,Orlando,Magic,Regular Season,1,1,39.46,25,4,10,6,4,2,1,0,1,10,16,9,0.563,6,2,0.333,5,5,1.0,136,124,18377
1626162,2025,22500123,2025-10-28 19:00:00,Philadelphia,76ers,Washington,Wizards,Regular Season,0,1,43.49,17,1,11,8,3,1,1,1,2,2,13,5,0.385,5,3,0.6,5,4,0.8,134,139,15529
1626162,2025,22500021,2025-10-31 19:00:00,Philadelphia,76ers,Boston,Celtics,Regular Season,1,0,40.34,17,0,9,8,1,0,2,3,2,5,12,6,0.5,7,3,0.429,6,2,0.333,108,109,19746
1626162,2025,22500149,2025-11-02 18:00:00,Philadelphia,76ers,Brooklyn,Nets,Regular Season,0,1,33.17,29,0,3,3,0,1,1,2,2,9,21,12,0.571,9,3,0.333,2,2,1.0,105,129,17548
1626162,2025,22500167,2025-11-04 20:00:00,Philadelphia,76ers,Chicago,Bulls,Regular Season,0,0,32.37,18,2,3,3,0,2,2,1,4,2,11,7,0.636,4,2,0.5,2,2,1.0,113,111,21016
1626162,2025,22500171,2025-11-05 19:00:00,Philadelphia,76ers,Cleveland,Cavaliers,Regular Season,0,0,37.58,19,2,3,2,1,0,2,1,4,-5,16,7,0.438,8,4,0.5,2,1,0.5,132,121,19432
1626162,2025,22500184,2025-11-08 19:30:00,Philadelphia,76ers,Toronto,Raptors,Regular Season,1,1,36.54,19,1,4,3,1,2,0,2,4,5,15,8,0.533,6,1,0.167,3,2,0.667,130,120,19746
1626162,2025,22500195,2025-11-09 19:30:00,Philadelphia,76ers,Detroit,Pistons,Regular Season,1,0,36.19,13,3,5,3,2,1,0,3,3,-16,13,5,0.385,6,1,0.167,2,2,1.0,108,111,18520
1626162,2025,22500209,2025-11-11 20:00:00,Philadelphia,76ers,Boston,Celtics,Regular Season,1,1,30.49,12,0,7,5,2,0,0,2,5,-5,11,5,0.455,5,0,0.0,2,2,1.0,102,100,19746
1626162,2025,22500041,2025-11-14 19:30:00,Philadelphia,76ers,Detroit,Pistons,Regular Season,0,0,14.56,3,1,1,1,0,0,2,1,1,-14,5,1,0.2,2,0,0.0,2,1,0.5,114,105,20062
1626162,2025,22500518,2026-01-07 19:00:00,Philadelphia,76ers,Washington,Wizards,Regular Season,1,1,20.16,2,1,3,3,0,0,2,0,1,3,4,1,0.25,2,0,0.0,0,0,0.0,131,110,19746
1626162,2025,22500533,2026-01-09 19:00:00,Philadelphia,76ers,Orlando,Magic,Regular Season,0,1,14.33,0,0,6,5,1,1,0,1,2,9,5,0,0.0,2,0,0.0,0,0,0.0,91,103,19271
1626162,2025,22500550,2026-01-11 18:00:00,Philadelphia,76ers,Toronto,Raptors,Regular Season,0,0,34.0,13,0,5,4,1,3,4,3,5,-8,10,5,0.5,3,1,0.333,2,2,1.0,116,115,18130
1626162,2025,22500560,2026-01-12 19:30:00,Philadelphia,76ers,Toronto,Raptors,Regular Season,0,1,29.31,7,0,4,3,1,0,0,2,3,12,7,3,0.429,2,1,0.5,0,0,0.0,102,115,18127
1626162,2025,22500572,2026-01-14 19:00:00,Philadelphia,76ers,Cleveland,Cavaliers,Regular Season,1,0,26.01,7,2,5,5,0,0,0,1,2,-19,6,2,0.333,5,2,0.4,2,1,0.5,107,133,19746
1626162,2025,22500589,2026-01-16 19:00:00,Philadelphia,76ers,Cleveland,Cavaliers,Regular Season,1,0,26.07,12,1,2,0,2,0,1,1,3,-7,7,4,0.571,5,2,0.4,2,2,1.0,115,117,19746
1626162,2025,22500609,2026-01-19 19:00:00,Philadelphia,76ers,Indiana,Pacers,Regular Season,1,1,35.07,18,5,1,1,0,1,2,0,0,13,14,8,0.571,3,2,0.667,2,0,0.0,113,104,18005
1626162,2025,22500613,2026-01-20 19:00:00,Philadelphia,76ers,Phoenix,Suns,Regular Season,1,0,34.0,21,1,4,3,1,0,2,2,4,13,15,6,0.4,10,5,0.5,6,4,0.667,110,116,17839
1626162,2025,22500628,2026-01-22 19:00:00,Philadelphia,76ers,Houston,Rockets,Regular Season,1,1,41.19,26,3,4,4,0,1,0,1,4,9,14,10,0.714,5,4,0.8,3,2,0.667,128,122,19746
1626162,2025,22500643,2026-01-24 15:00:00,Philadelphia,76ers,New York,Knicks,Regular Season,1,0,37.14,14,3,7,7,0,0,2,1,2,-3,10,5,0.5,4,1,0.25,5,3,0.6,109,112,19746
1626162,2025,22500657,2026-01-26 15:00:00,Philadelphia,76ers,Charlotte,Hornets,Regular Season,0,0,25.08,17,0,2,1,1,0,2,2,1,-40,12,7,0.583,4,1,0.25,2,2,1.0,130,93,16361
1626162,2025,22500666,2026-01-27 20:00:00,Philadelphia,76ers,Milwaukee,Bucks,Regular Season,1,1,22.34,7,0,4,4,0,1,1,0,3,1,6,3,0.5,2,0,0.0,2,1,0.5,139,122,16917
1626162,2025,22500680,2026-01-29 19:00:00,Philadelphia,76ers,Sacramento,Kings,Regular Season,1,1,37.16,4,0,3,3,0,0,0,1,2,5,3,1,0.333,1,0,0.0,2,2,1.0,113,111,18608
1626162,2025,22500699,2026-01-31 19:30:00,Philadelphia,76ers,New Orleans,Pelicans,Regular Season,1,1,30.15,19,4,10,9,1,0,0,0,4,11,13,7,0.538,7,3,0.429,4,2,0.5,124,114,20096
1626162,2025,22500715,2026-02-02 22:00:00,Philadelphia,76ers,LA,Clippers,Regular Season,0,1,34.43,15,2,3,2,1,0,1,1,3,11,13,6,0.462,6,3,0.5,0,0,0.0,113,128,17927
1626162,2025,22500724,2026-02-03 22:00:00,Philadelphia,76ers,Golden State,Warriors,Regular Season,0,1,35.1,15,3,6,4,2,0,1,2,0,7,12,4,0.333,10,4,0.4,4,3,0.75,94,113,18064
1626162,2025,22500740,2026-02-05 22:00:00,Philadelphia,76ers,Los Angeles,Lakers,Regular Season,0,0,39.49,8,3,4,3,1,0,3,0,2,4,8,2,0.25,3,0,0.0,4,4,1.0,119,115,18731
1626162,2025,22500754,2026-02-07 21:00:00,Philadelphia,76ers,Phoenix,Suns,Regular Season,0,1,38.11,18,2,6,4,2,0,2,1,4,-3,14,6,0.429,7,3,0.429,4,3,0.75,103,109,17071
1626162,2025,22500770,2026-02-09 22:00:00,Philadelphia,76ers,Portland,Trail Blazers,Regular Season,0,0,35.48,19,1,4,4,0,2,4,2,2,-24,13,6,0.462,5,3,0.6,4,4,1.0,135,118,16025
1626162,2025,22500780,2026-02-11 19:30:00,Philadelphia,76ers,New York,Knicks,Regular Season,1,0,30.13,2,4,7,6,1,1,0,3,2,-30,6,0,0.0,5,0,0.0,4,2,0.5,89,138,19746
1626162,2025,22500794,2026-02-19 19:00:00,Philadelphia,76ers,Atlanta,Hawks,Regular Season,1,0,32.18,17,3,3,2,1,1,3,2,3,-2,13,4,0.308,3,0,0.0,11,9,0.818,107,117,19746
1626162,2025,22500812,2026-02-21 19:00:00,Philadelphia,76ers,New Orleans,Pelicans,Regular Season,0,0,33.17,25,2,5,5,0,0,1,0,4,-7,15,7,0.467,10,4,0.4,8,7,0.875,126,111,16426
1626162,2025,22500824,2026-02-22 19:00:00,Philadelphia,76ers,Minnesota,Timberwolves,Regular Season,0,1,35.03,18,2,5,4,1,0,4,2,2,23,13,5,0.385,7,3,0.429,7,5,0.714,108,135,18978
1626162,2025,22500831,2026-02-24 19:00:00,Philadelphia,76ers,Indiana,Pacers,Regular Season,0,1,27.49,12,2,4,4,0,0,1,2,2,4,8,5,0.625,3,2,0.667,0,0,0.0,114,135,16540
1626162,2025,22500849,2026-02-26 19:00:00,Philadelphia,76ers,Miami,Heat,Regular Season,1,1,34.05,21,3,8,5,3,0,1,2,4,12,13,8,0.615,5,3,0.6,2,2,1.0,124,117,19746
1626162,2025,22500874,2026-03-01 20:00:00,Philadelphia,76ers,Boston,Celtics,Regular Season,0,0,34.22,4,2,4,3,1,0,0,1,3,-7,10,2,0.2,2,0,0.0,0,0,0.0,114,98,19156
1626162,2025,22500917,2026-03-07 18:00:00,Philadelphia,76ers,Atlanta,Hawks,Regular Season,0,0,35.51,24,4,5,2,3,0,2,5,0,-8,15,10,0.667,5,3,0.6,3,1,0.333,125,116,17174
1626162,2025,22500931,2026-03-09 19:00:00,Philadelphia,76ers,Cleveland,Cavaliers,Regular Season,0,0,13.53,6,1,2,2,0,0,0,0,3,-8,6,1,0.167,3,0,0.0,5,4,0.8,115,101,19432
1626162,2025,22500936,2026-03-10 19:00:00,Philadelphia,76ers,Memphis,Grizzlies,Regular Season,1,1,37.39,30,1,12,9,3,1,2,3,1,-2,24,10,0.417,9,1,0.111,11,9,0.818,139,129,17897
1626162,2025,22501030,2026-03-21 21:30:00,Philadelphia,76ers,Utah,Jazz,Regular Season,0,1,0.0,0,0,0,0,0,0,0,0,0,0,0,0,0.0,0,0,0.0,0,0,0.0,116,126,18186
1626162,2025,22501077,2026-03-28 18:00:00,Philadelphia,76ers,Charlotte,Hornets,Regular Season,0,1,27.4,9,0,5,4,1,0,1,1,3,-1,5,3,0.6,3,1,0.333,3,2,0.667,114,118,19616
1626162,2025,22501091,2026-03-30 19:00:00,Philadelphia,76ers,Miami,Heat,Regular Season,0,0,30.57,11,3,11,7,4,0,0,1,1,9,14,5,0.357,4,1,0.25,0,0,0.0,119,109,19742
