personId,season,gameId,gameDateTimeEst,playerteamCity,playerteamName,opponentteamCity,opponentteamName,gameType,home,win,numMinutes,points,assists,reboundsTotal,reboundsDefensive,reboundsOffensive,blocks,steals,turnovers,foulsPersonal,plusMinusPoints,fieldGoalsAttempted,fieldGoalsMade,fieldGoalsPercentage,threePointersAttempted,threePointersMade,threePointersPercentage,freeThrowsAttempted,freeThrowsMade,freeThrowsPercentage,homeScore,awayScore,attendance
1628993,2018,11800026,2018-10-04 20:00:00,Indiana,Pacers,Houston,Rockets,Preseason,0,1,0.0,0,0,0,0,0,0,0,0,0,0,0,0,,0,0,,0,0,,100,110,0
1628993,2018,11800041,2018-10-06 20:00:00,Indiana,Pacers,Memphis,Grizzlies,Preseason,0,0,0.0,0,0,0,0,0,0,0,0,0,0,0,0,,0,0,,0,0,,109,104,0
1628993,2018,11800049,2018-10-08 19:00:00,Indiana,Pacers,Cleveland,Cavaliers,Preseason,0,1,0.0,0,0,0,0,0,0,0,0,0,0,0,0,0.0,0,0,0.0,0,0,0.0,102,111,0
1628993,2018,11800063,2018-10-10 20:00:00,Indiana,Pacers,Chicago,Bulls,Preseason,0,0,6.0,2,2,2,1,1,0,1,0,0,2,2,1,0.5,1,0,0.0,0,0,0.0,104,89,0
1628993,2018,21800023,2018-10-19 20:30:00,Indiana,Pacers,Milwaukee,Bucks,Regular Season,0,0,4.0,2,0,3,3,0,0,0,0,1,7,2,1,0.5,0,0,0.0,0,0,0.0,118,101,0
1628993,2018,21800026,2018-10-20 19:00:00,Indiana,Pacers,Brooklyn,Nets,Regular Season,1,1,3.0,0,0,1,1,0,0,0,0,1,-6,0,0,0.0,0,0,0.0,0,0,0.0,132,112,0
1628993,2018,21800043,2018-10-22 20:00:00,Indiana,Pacers,Minnesota,Timberwolves,Regular Season,0,0,0.0,0,0,0,0,0,0,0,0,0,0,0,0,0.0,0,0,0.0,0,0,0.0,101,91,0
1628993,2018,21800077,2018-10-27 19:30:00,Indiana,Pacers,Cleveland,Cavaliers,Regular Season,0,1,1.0,0,0,0,0,0,0,0,0,1,-1,0,0,0.0,0,0,0.0,2,0,0.0,107,119,0
1628993,2018,21800350,2018-12-04 19:00:00,Indiana,Pacers,Chicago,Bulls,Regular Season,1,1,0.0,0,0,0,0,0,0,0,0,0,0,0,0,0.0,0,0,0.0,0,0,0.0,96,90,0
1628993,2018,21800370,2018-12-07 19:00:00,Indiana,Pacers,Orlando,Magic,Regular Season,0,1,3.0,0,0,0,0,0,1,0,0,0,-5,1,0,0.0,0,0,0.0,0,0,0.0,90,112,0
1628993,2018,21800379,2018-12-08 19:00:00,Indiana,Pacers,Sacramento,Kings,Regular Season,1,1,0.0,0,0,0,0,0,0,0,0,0,0,0,0,0.0,0,0,0.0,0,0,0.0,107,97,0
1628993,2018,21800391,2018-12-10 19:00:00,Indiana,Pacers,Washington,Wizards,Regular Season,1,1,0.0,0,0,0,0,0,0,0,0,0,0,0,0,0.0,0,0,0.0,0,0,0.0,109,101,0
1628993,2018,21800407,2018-12-12 19:00:00,Indiana,Pacers,Milwaukee,Bucks,Regular Season,1,1,0.0,0,0,0,0,0,0,0,0,0,0,0,0,0.0,0,0,0.0,0,0,0.0,113,97,0
1628993,2018,21800424,2018-12-14 19:30:00,Indiana,Pacers,Philadelphia,76ers,Regular Season,0,1,0.0,0,0,0,0,0,0,0,0,0,0,0,0,0.0,0,0,0.0,0,0,0.0,101,113,0
1628993,2018,21800438,2018-12-16 17:00:00,Indiana,Pacers,New York,Knicks,Regular Season,1,1,0.0,0,0,0,0,0,0,0,0,0,0,0,0,0.0,0,0,0.0,0,0,0.0,110,99,0
1628993,2018,21800599,2019-01-08 19:00:00,Indiana,Pacers,Cleveland,Cavaliers,Regular Season,0,1,0.0,0,0,0,0,0,0,0,0,0,0,0,0,0.0,0,0,0.0,0,0,0.0,115,123,0
1628993,2018,21800607,2019-01-09 19:00:00,Indiana,Pacers,Boston,Celtics,Regular Season,0,0,6.0,1,0,3,2,1,0,0,0,0,3,2,0,0.0,0,0,0.0,2,1,0.5,135,108,0
1628993,2018,21800623,2019-01-11 19:30:00,Indiana,Pacers,New York,Knicks,Regular Season,0,1,2.0,0,0,0,0,0,0,0,0,0,-3,1,0,0.0,0,0,0.0,0,0,0.0,106,121,0
1628993,2018,21800651,2019-01-15 19:00:00,Indiana,Pacers,Phoenix,Suns,Regular Season,1,1,3.0,3,0,0,0,0,0,0,0,0,-1,2,1,0.5,1,1,1.0,0,0,0.0,131,97,0
1628993,2018,21800667,2019-01-17 19:00:00,Indiana,Pacers,Philadelphia,76ers,Regular Season,1,0,1.0,0,0,0,0,0,0,0,0,0,-4,0,0,0.0,0,0,0.0,0,0,0.0,96,120,0
1628993,2018,21800681,2019-01-19 19:00:00,Indiana,Pacers,Dallas,Mavericks,Regular Season,1,1,1.0,0,0,0,0,0,0,0,0,0,-2,0,0,0.0,0,0,0.0,0,0,0.0,111,99,0
1628993,2018,21800688,2019-01-20 18:00:00,Indiana,Pacers,Charlotte,Hornets,Regular Season,1,1,2.0,0,0,1,1,0,0,0,0,0,3,1,0,0.0,0,0,0.0,0,0,0.0,120,95,0
1628993,2018,21800706,2019-01-23 19:00:00,Indiana,Pacers,Toronto,Raptors,Regular Season,1,1,0.0,0,0,0,0,0,0,0,0,0,0,0,0,0.0,0,0,0.0,0,0,0.0,110,106,0
1628993,2018,21800731,2019-01-26 20:00:00,Indiana,Pacers,Memphis,Grizzlies,Regular Season,0,0,0.0,0,0,0,0,0,0,0,0,0,0,0,0,0.0,0,0,0.0,0,0,0.0,106,103,0
1628993,2018,21800745,2019-01-28 19:00:00,Indiana,Pacers,Golden State,Warriors,Regular Season,1,0,2.0,0,0,0,0,0,0,0,0,0,-5,1,0,0.0,1,0,0.0,0,0,0.0,100,132,0
1628993,2018,21801097,2019-03-24 17:00:00,Indiana,Pacers,Denver,Nuggets,Regular Season,1,1,3.0,0,0,0,0,0,0,0,0,1,-1,0,0,0.0,0,0,0.0,0,0,0.0,124,88,0
1628993,2018,21801165,2019-04-03 19:00:00,Indiana,Pacers,Detroit,Pistons,Regular Season,0,1,0.0,0,0,0,0,0,0,0,0,0,0,0,0,0.0,0,0,0.0,0,0,0.0,89,108,0
1628993,2018,21801183,2019-04-05 20:00:00,Indiana,Pacers,Boston,Celtics,Regular Season,1,0,3.0,0,0,0,0,0,0,0,0,1,2,1,0,0.0,0,0,0.0,0,0,0.0,97,117,0
1628993,2018,21801220,2019-04-10 20:00:00,Indiana,Pacers,Atlanta,Hawks,Regular Season,0,1,25.0,7,1,11,8,3,2,1,0,2,14,5,2,0.4,0,0,0.0,4,3,0.75,134,135,0
1628993,2019,11900003,2019-10-04 09:30:00,Indiana,Pacers,Sacramento,Kings,Preseason,0,1,13.0,4,0,1,0,1,0,0,1,4,-5,1,1,1.0,0,0,0.0,4,2,0.5,131,132,0
1628993,2019,11900005,2019-10-05 09:30:00,Indiana,Pacers,Sacramento,Kings,Preseason,1,1,20.0,17,1,8,4,4,0,0,4,4,16,11,6,0.545,4,2,0.5,3,3,1.0,130,106,0
1628993,2019,11900038,2019-10-11 19:00:00,Indiana,Pacers,Chicago,Bulls,Preseason,1,1,0.0,0,0,0,0,0,0,0,0,0,0,0,0,0.0,0,0,0.0,0,0,0.0,105,87,0
1628993,2019,11900060,2019-10-15 19:00:00,Indiana,Pacers,Minnesota,Timberwolves,Preseason,1,0,12.0,5,1,8,7,1,0,1,0,1,8,4,1,0.25,2,1,0.5,2,2,1.0,111,119,0
1628993,2019,21900030,2019-10-26 20:00:00,Indiana,Pacers,Cleveland,Cavaliers,Regular Season,0,0,0.0,0,0,0,0,0,0,0,0,0,0,0,0,0.0,0,0,0.0,0,0,0.0,110,99,0
1628993,2019,21900041,2019-10-28 19:00:00,Indiana,Pacers,Detroit,Pistons,Regular Season,0,0,0.0,0,0,0,0,0,0,0,0,0,0,0,0,0.0,0,0,0.0,0,0,0.0,96,94,0
1628993,2019,21900059,2019-10-30 19:30:00,Indiana,Pacers,Brooklyn,Nets,Regular Season,0,1,0.0,0,0,0,0,0,0,0,0,0,0,0,0,0.0,0,0,0.0,0,0,0.0,108,118,0
1628993,2019,21900070,2019-11-01 19:00:00,Indiana,Pacers,Cleveland,Cavaliers,Regular Season,1,1,0.0,0,0,0,0,0,0,0,0,0,0,0,0,0.0,0,0,0.0,0,0,0.0,102,95,0
1628993,2019,21900085,2019-11-03 17:00:00,Indiana,Pacers,Chicago,Bulls,Regular Season,1,1,0.0,0,0,0,0,0,0,0,0,0,0,0,0,0.0,0,0,0.0,0,0,0.0,108,95,0
1628993,2019,21900097,2019-11-05 19:00:00,Indiana,Pacers,Charlotte,Hornets,Regular Season,0,0,0.0,0,0,0,0,0,0,0,0,0,0,0,0,0.0,0,0,0.0,0,0,0.0,122,120,0
1628993,2019,21900104,2019-11-06 19:00:00,Indiana,Pacers,Washington,Wizards,Regular Season,1,1,8.0,2,0,1,1,0,0,0,0,1,-5,2,1,0.5,0,0,0.0,0,0,0.0,121,106,0
1628993,2019,21900116,2019-11-08 19:00:00,Indiana,Pacers,Detroit,Pistons,Regular Season,1,1,0.0,0,0,0,0,0,0,0,0,0,0,0,0,0.0,0,0,0.0,0,0,0.0,112,106,0
1628993,2019,21900133,2019-11-10 18:00:00,Indiana,Pacers,Orlando,Magic,Regular Season,0,1,9.0,0,0,3,1,2,0,0,0,1,6,1,0,0.0,0,0,0.0,0,0,0.0,102,109,0
1628993,2019,21900146,2019-11-12 19:00:00,Indiana,Pacers,Oklahoma City,Thunder,Regular Season,1,1,6.0,3,1,2,1,1,0,0,0,1,-1,1,1,1.0,0,0,0.0,1,1,1.0,111,85,0
1628993,2019,21900169,2019-11-15 20:00:00,Indiana,Pacers,Houston,Rockets,Regular Season,0,0,0.0,0,0,0,0,0,0,0,0,0,0,0,0,0.0,0,0,0.0,0,0,0.0,111,102,0
1628993,2019,21900176,2019-11-16 19:00:00,Indiana,Pacers,Milwaukee,Bucks,Regular Season,1,0,4.0,4,1,3,2,1,0,0,0,1,1,2,1,0.5,0,0,0.0,3,2,0.667,83,102,0
1628993,2019,21900190,2019-11-18 19:30:00,Indiana,Pacers,Brooklyn,Nets,Regular Season,0,1,2.0,4,0,3,1,2,0,0,1,0,5,3,2,0.667,0,0,0.0,0,0,0.0,86,115,0
1628993,2019,21900227,2019-11-23 19:00:00,Indiana,Pacers,Orlando,Magic,Regular Season,1,1,0.0,0,0,0,0,0,0,0,0,0,0,0,0,0.0,0,0,0.0,0,0,0.0,111,106,0
1628993,2019,21900242,2019-11-25 19:00:00,Indiana,Pacers,Memphis,Grizzlies,Regular Season,1,1,2.0,0,0,0,0,0,0,0,0,0,-7,1,0,0.0,0,0,0.0,0,0,0.0,126,114,0
1628993,2019,21900256,2019-11-27 19:00:00,Indiana,Pacers,Utah,Jazz,Regular Season,1,1,2.0,0,0,0,0,0,0,0,0,0,-1,1,0,0.0,0,0,0.0,0,0,0.0,121,102,0
1628993,2019,21900272,2019-11-29 20:00:00,Indiana,Pacers,Atlanta,Hawks,Regular Season,1,1,0.0,0,0,0,0,0,0,0,0,0,0,0,0,0.0,0,0,0.0,0,0,0.0,105,104,0
1628993,2019,21900281,2019-11-30 19:00:00,Indiana,Pacers,Philadelphia,76ers,Regular Season,0,0,0.0,0,0,0,0,0,0,0,0,0,0,0,0,0.0,0,0,0.0,0,0,0.0,119,116,0
1628993,2019,21900296,2019-12-02 20:00:00,Indiana,Pacers,Memphis,Grizzlies,Regular Season,0,1,0.0,0,0,0,0,0,0,0,0,0,-3,0,0,0.0,0,0,0.0,0,0,0.0,104,117,0
1628993,2019,21900312,2019-12-04 20:00:00,Indiana,Pacers,Oklahoma City,Thunder,Regular Season,0,1,0.0,0,0,0,0,0,0,0,0,0,0,0,0,0.0,0,0,0.0,0,0,0.0,100,107,0
1628993,2019,21900322,2019-12-06 19:00:00,Indiana,Pacers,Detroit,Pistons,Regular Season,0,0,0.0,0,0,0,0,0,0,0,0,0,0,0,0,0.0,0,0,0.0,0,0,0.0,108,101,0
1628993,2019,21900331,2019-12-07 19:30:00,Indiana,Pacers,New York,Knicks,Regular Season,0,1,0.0,0,0,0,0,0,0,0,0,0,0,0,0,0.0,0,0,0.0,0,0,0.0,103,104,0
1628993,2019,21900343,2019-12-09 19:00:00,Indiana,Pacers,Los Angeles,Clippers,Regular Season,1,0,0.0,0,0,0,0,0,0,0,0,0,0,0,0,0.0,0,0,0.0,0,0,0.0,99,110,0
1628993,2019,21900357,2019-12-11 19:00:00,Indiana,Pacers,Boston,Celtics,Regular Season,1,1,0.0,0,0,0,0,0,0,0,0,0,0,0,0,0.0,0,0,0.0,0,0,0.0,122,117,0
1628993,2019,21900373,2019-12-13 19:30:00,Indiana,Pacers,Atlanta,Hawks,Regular Season,0,1,0.0,0,0,0,0,0,0,0,0,0,0,0,0,0.0,0,0,0.0,0,0,0.0,100,110,0
1628993,2019,21900389,2019-12-15 17:00:00,Indiana,Pacers,Charlotte,Hornets,Regular Season,1,1,2.0,0,0,0,0,0,0,0,0,2,0,0,0,0.0,0,0,0.0,0,0,0.0,107,85,0
1628993,2019,21900446,2019-12-23 19:00:00,Indiana,Pacers,Toronto,Raptors,Regular Season,1,1,0.0,0,0,0,0,0,0,0,0,0,0,0,0,0.0,0,0,0.0,0,0,0.0,120,115,0
1628993,2019,21900470,2019-12-27 20:00:00,Indiana,Pacers,Miami,Heat,Regular Season,0,0,0.0,0,0,0,0,0,0,0,0,0,0,0,0,0.0,0,0,0.0,0,0,0.0,113,112,0
1628993,2019,21900474,2019-12-28 19:00:00,Indiana,Pacers,New Orleans,Pelicans,Regular Season,0,0,3.0,4,0,3,3,0,0,0,0,0,4,2,2,1.0,0,0,0.0,0,0,0.0,120,98,0
1628993,2019,21900509,2020-01-02 19:00:00,Indiana,Pacers,Denver,Nuggets,Regular Season,1,0,0.0,0,0,0,0,0,0,0,0,0,0,0,0,0.0,0,0,0.0,0,0,0.0,116,124,0
1628993,2019,21900526,2020-01-04 19:30:00,Indiana,Pacers,Atlanta,Hawks,Regular Season,0,0,0.0,0,0,0,0,0,0,0,0,0,0,0,0,0.0,0,0,0.0,0,0,0.0,116,111,0
1628993,2019,21900539,2020-01-06 19:00:00,Indiana,Pacers,Charlotte,Hornets,Regular Season,0,1,0.0,0,0,0,0,0,0,0,0,0,0,0,0,0.0,0,0,0.0,0,0,0.0,104,115,0
1628993,2019,21900556,2020-01-08 19:00:00,Indiana,Pacers,Miami,Heat,Regular Season,1,0,2.0,1,0,0,0,0,0,0,0,0,7,1,0,0.0,0,0,0.0,2,1,0.5,108,122,0
1628993,2019,21900570,2020-01-10 20:00:00,Indiana,Pacers,Chicago,Bulls,Regular Season,0,1,0.0,0,0,0,0,0,0,0,0,0,0,0,0,0.0,0,0,0.0,0,0,0.0,105,116,0
1628993,2019,21900679,2020-01-24 22:30:00,Indiana,Pacers,Golden State,Warriors,Regular Season,0,1,0.0,0,0,0,0,0,0,0,0,0,0,0,0,0.0,0,0,0.0,0,0,0.0,118,129,0
1628993,2019,21900692,2020-01-26 21:00:00,Indiana,Pacers,Portland,Trail Blazers,Regular Season,0,0,0.0,0,0,0,0,0,0,0,0,0,0,0,0,0.0,0,0,0.0,0,0,0.0,139,129,0
1628993,2019,21900843,2020-02-23 18:00:00,Indiana,Pacers,Toronto,Raptors,Regular Season,0,0,4.0,0,0,2,1,1,0,0,1,0,-6,1,0,0.0,0,0,0.0,0,0,0.0,127,81,0
1628993,2019,21900874,2020-02-27 20:00:00,Indiana,Pacers,Portland,Trail Blazers,Regular Season,1,1,0.0,0,0,0,0,0,0,0,0,0,0,0,0,0.0,0,0,0.0,0,0,0.0,106,100,0
1628993,2019,21900908,2020-03-02 20:30:00,Indiana,Pacers,San Antonio,Spurs,Regular Season,0,1,0.0,0,0,0,0,0,0,0,0,0,0,0,0,0.0,0,0,0.0,0,0,0.0,111,116,0
1628993,2019,21900924,2020-03-04 19:00:00,Indiana,Pacers,Milwaukee,Bucks,Regular Season,0,0,3.0,0,0,1,1,0,0,0,1,0,9,0,0,0.0,0,0,0.0,0,0,0.0,119,100,0
1628993,2019,11900106,2020-07-23 15:30:00,Indiana,Pacers,Portland,Trail Blazers,Preseason,1,1,0.0,2,1,4,3,1,0,0,2,1,-13,1,1,1.0,0,0,0.0,0,0,0.0,91,88,0
1628993,2019,11900120,2020-07-26 16:00:00,Indiana,Pacers,Dallas,Mavericks,Preseason,0,1,5.0,0,0,3,3,0,0,1,1,2,-3,0,0,0.0,0,0,0.0,0,0,0.0,111,118,0
1628993,2019,11900130,2020-07-28 16:00:00,Indiana,Pacers,San Antonio,Spurs,Preseason,1,0,5.0,2,1,4,2,2,0,0,0,1,3,2,1,0.5,0,0,0.0,0,0,0.0,111,118,0
1628993,2019,21901242,2020-08-01 19:00:00,Indiana,Pacers,Philadelphia,76ers,Regular Season,1,1,0.0,0,0,0,0,0,0,0,0,0,0,0,0,0.0,0,0,0.0,0,0,0.0,127,121,0
1628993,2019,21901252,2020-08-03 16:00:00,Indiana,Pacers,Washington,Wizards,Regular Season,0,1,0.0,0,0,0,0,0,0,0,0,0,0,0,0,0.0,0,0,0.0,0,0,0.0,100,111,0
1628993,2019,21901259,2020-08-04 18:00:00,Indiana,Pacers,Orlando,Magic,Regular Season,1,1,0.0,0,0,0,0,0,0,0,0,0,0,0,0,0.0,0,0,0.0,0,0,0.0,120,109,0
1628993,2019,21901270,2020-08-06 16:00:00,Indiana,Pacers,Phoenix,Suns,Regular Season,0,0,2.0,0,0,1,1,0,0,0,0,1,2,0,0,0.0,0,0,0.0,0,0,0.0,114,99,0
1628993,2019,21901282,2020-08-08 18:00:00,Indiana,Pacers,Los Angeles,Lakers,Regular Season,1,1,0.0,0,0,0,0,0,0,0,0,0,0,0,0,0.0,0,0,0.0,0,0,0.0,116,111,0
1628993,2019,21901295,2020-08-10 20:00:00,Indiana,Pacers,Miami,Heat,Regular Season,0,0,6.0,3,1,4,2,2,0,0,1,0,-2,3,1,0.333,2,1,0.5,0,0,0.0,114,92,0
1628993,2019,21901304,2020-08-12 16:00:00,Indiana,Pacers,Houston,Rockets,Regular Season,0,1,17.0,2,0,8,8,0,1,3,0,2,6,3,1,0.333,1,0,0.0,0,0,0.0,104,108,0
1628993,2019,21901316,2020-08-14 16:00:00,Indiana,Pacers,Miami,Heat,Regular Season,1,1,38.0,11,4,17,10,7,1,0,3,3,10,8,3,0.375,5,2,0.4,4,3,0.75,109,92,0
1628993,2019,41900131,2020-08-18 16:00:00,Indiana,Pacers,Miami,Heat,Playoffs,1,0,0.0,0,0,0,0,0,0,0,0,0,0,0,0,0.0,0,0,0.0,0,0,0.0,101,113,0
1628993,2019,41900132,2020-08-20 13:00:00,Indiana,Pacers,Miami,Heat,Playoffs,1,0,0.0,0,0,0,0,0,0,0,0,0,0,0,0,0.0,0,0,0.0,0,0,0.0,100,109,0
1628993,2019,41900133,2020-08-22 15:30:00,Indiana,Pacers,Miami,Heat,Playoffs,0,0,0.0,0,0,0,0,0,0,0,0,0,0,0,0,0.0,0,0,0.0,0,0,0.0,124,115,0
1628993,2019,41900134,2020-08-24 18:30:00,Indiana,Pacers,Miami,Heat,Playoffs,0,0,0.0,0,0,0,0,0,0,0,0,0,0,0,0,0.0,0,0,0.0,0,0,0.0,99,87,0
1628993,2020,12000006,2020-12-12 19:00:00,Toronto,Raptors,Charlotte,Hornets,Preseason,0,1,6.0,2,0,4,3,1,0,0,1,1,-15,1,1,1.0,0,0,0.0,0,0,0.0,100,111,0
1628993,2020,12000020,2020-12-14 19:00:00,Toronto,Raptors,Charlotte,Hornets,Preseason,0,1,4.0,1,1,2,2,0,0,0,1,1,-5,0,0,0.0,0,0,0.0,2,1,0.5,109,112,0
1628993,2020,12000040,2020-12-18 19:00:00,Toronto,Raptors,Miami,Heat,Preseason,1,0,0.0,0,0,0,0,0,0,0,0,0,0,0,0,0.0,0,0,0.0,0,0,0.0,105,117,0
1628993,2020,22000676,2021-03-24 22:00:00,Brooklyn,Nets,Utah,Jazz,Regular Season,0,0,32.0,23,3,15,10,5,0,2,1,1,-4,15,11,0.733,1,0,0.0,1,1,1.0,118,88,0
1628993,2020,22000683,2021-03-26 19:00:00,Brooklyn,Nets,Detroit,Pistons,Regular Season,0,1,0.0,0,0,0,0,0,0,0,0,0,0,0,0,0.0,0,0,0.0,0,0,0.0,111,113,0
1628993,2020,22000709,2021-03-29 19:30:00,Brooklyn,Nets,Minnesota,Timberwolves,Regular Season,1,1,0.0,0,0,0,0,0,0,0,0,0,0,0,0,0.0,0,0,0.0,0,0,0.0,112,107,0
1628993,2020,22000724,2021-03-31 19:30:00,Brooklyn,Nets,Houston,Rockets,Regular Season,1,1,0.0,0,0,0,0,0,0,0,0,0,0,0,0,0.0,0,0,0.0,0,0,0.0,120,108,0
1628993,2020,22000732,2021-04-01 19:30:00,Brooklyn,Nets,Charlotte,Hornets,Regular Season,1,1,4.0,2,0,5,4,1,0,0,0,0,1,1,1,1.0,0,0,0.0,0,0,0.0,111,89,0
1628993,2020,22000755,2021-04-04 14:00:00,Brooklyn,Nets,Chicago,Bulls,Regular Season,0,0,0.0,0,0,0,0,0,0,0,0,0,2,0,0,0.0,0,0,0.0,0,0,0.0,115,107,0
1628993,2020,22000762,2021-04-05 19:00:00,Brooklyn,Nets,New York,Knicks,Regular Season,1,1,17.0,12,1,7,5,2,0,0,0,1,11,10,6,0.6,1,0,0.0,0,0,0.0,114,112,0
1628993,2020,22000779,2021-04-07 19:30:00,Brooklyn,Nets,New Orleans,Pelicans,Regular Season,1,1,19.0,6,2,6,5,1,0,1,1,1,0,6,3,0.5,0,0,0.0,0,0,0.0,139,111,0
1628993,2020,22000800,2021-04-10 20:30:00,Brooklyn,Nets,Los Angeles,Lakers,Regular Season,1,0,5.0,4,0,2,1,1,2,0,0,1,-3,3,2,0.667,1,0,0.0,0,0,0.0,101,126,0
1628993,2020,22000817,2021-04-13 16:00:00,Brooklyn,Nets,Minnesota,Timberwolves,Regular Season,0,1,9.0,2,0,1,0,1,0,0,1,0,-12,1,1,1.0,0,0,0.0,0,0,0.0,97,127,0
1628993,2020,22000830,2021-04-14 19:00:00,Brooklyn,Nets,Philadelphia,76ers,Regular Season,0,0,12.0,8,0,8,5,3,0,1,2,4,16,6,3,0.5,0,0,0.0,2,2,1.0,123,117,0
1628993,2020,22000848,2021-04-16 19:30:00,Brooklyn,Nets,Charlotte,Hornets,Regular Season,1,1,2.0,4,0,2,0,2,0,0,0,0,-2,3,2,0.667,0,0,0.0,0,0,0.0,130,115,0
1628993,2020,22000863,2021-04-18 15:30:00,Brooklyn,Nets,Miami,Heat,Regular Season,0,0,10.0,3,2,3,3,0,0,0,2,1,-5,1,1,1.0,1,1,1.0,0,0,0.0,109,107,0
1628993,2020,22000878,2021-04-20 19:30:00,Brooklyn,Nets,New Orleans,Pelicans,Regular Season,0,1,6.0,0,1,5,4,1,0,0,0,0,-6,2,0,0.0,1,0,0.0,0,0,0.0,129,134,0
1628993,2020,22000884,2021-04-21 19:00:00,Brooklyn,Nets,Toronto,Raptors,Regular Season,0,0,5.0,0,0,1,0,1,0,0,1,0,-5,1,0,0.0,0,0,0.0,0,0,0.0,114,103,0
1628993,2020,22000944,2021-04-29 19:00:00,Brooklyn,Nets,Indiana,Pacers,Regular Season,0,1,32.0,20,3,21,17,4,2,0,0,2,7,12,7,0.583,1,0,0.0,6,6,1.0,113,130,0
1628993,2020,22000952,2021-04-30 20:00:00,Brooklyn,Nets,Portland,Trail Blazers,Regular Season,1,0,19.0,6,2,12,8,4,0,0,1,4,-11,4,2,0.5,0,0,0.0,2,2,1.0,109,128,0
1628993,2020,22000967,2021-05-02 15:30:00,Brooklyn,Nets,Milwaukee,Bucks,Regular Season,0,0,3.0,2,0,1,1,0,0,1,0,0,1,0,0,0.0,0,0,0.0,2,2,1.0,117,114,0
1628993,2020,22000985,2021-05-04 19:30:00,Brooklyn,Nets,Milwaukee,Bucks,Regular Season,0,0,0.0,0,0,0,0,0,0,0,0,0,0,0,0,0.0,0,0,0.0,0,0,0.0,124,118,0
1628993,2020,22000998,2021-05-06 19:30:00,Brooklyn,Nets,Dallas,Mavericks,Regular Season,0,0,0.0,0,0,0,0,0,0,0,0,0,0,0,0,0.0,0,0,0.0,0,0,0.0,113,109,0
1628993,2020,22001015,2021-05-08 22:00:00,Brooklyn,Nets,Denver,Nuggets,Regular Season,0,1,0.0,0,0,0,0,0,0,0,0,0,0,0,0,0.0,0,0,0.0,0,0,0.0,119,125,0
1628993,2020,22001036,2021-05-11 20:00:00,Brooklyn,Nets,Chicago,Bulls,Regular Season,0,1,0.0,0,0,0,0,0,0,0,0,0,0,0,0,0.0,0,0,0.0,0,0,0.0,107,115,0
1628993,2020,22001043,2021-05-12 20:00:00,Brooklyn,Nets,San Antonio,Spurs,Regular Season,1,1,1.0,0,0,0,0,0,0,0,0,0,-1,0,0,0.0,0,0,0.0,0,0,0.0,128,116,0
1628993,2020,22001060,2021-05-15 13:00:00,Brooklyn,Nets,Chicago,Bulls,Regular Season,1,1,2.0,0,0,0,0,0,1,0,0,1,-4,1,0,0.0,0,0,0.0,0,0,0.0,105,91,0
1628993,2020,22001067,2021-05-16 19:00:00,Brooklyn,Nets,Cleveland,Cavaliers,Regular Season,1,1,3.0,2,0,1,0,1,0,0,0,0,-3,2,1,0.5,0,0,0.0,0,0,0.0,123,109,0
1628993,2020,42000111,2021-05-22 20:00:00,Brooklyn,Nets,Boston,Celtics,Playoffs,1,1,0.0,0,0,0,0,0,0,0,0,0,0,0,0,0.0,0,0,0.0,0,0,0.0,104,93,0
1628993,2020,42000112,2021-05-25 19:30:00,Brooklyn,Nets,Boston,Celtics,Playoffs,1,1,4.0,2,0,3,3,0,0,1,0,0,0,1,1,1.0,0,0,0.0,0,0,0.0,130,108,0
1628993,2020,42000113,2021-05-28 20:30:00,Brooklyn,Nets,Boston,Celtics,Playoffs,0,0,0.0,0,0,0,0,0,0,0,0,0,0,0,0,0.0,0,0,0.0,0,0,0.0,125,119,0
1628993,2020,42000114,2021-05-30 19:00:00,Brooklyn,Nets,Boston,Celtics,Playoffs,0,1,0.0,0,0,0,0,0,0,0,0,0,0,0,0,0.0,0,0,0.0,0,0,0.0,126,141,0
1628993,2020,42000115,2021-06-01 19:30:00,Brooklyn,Nets,Boston,Celtics,Playoffs,1,1,0.0,0,0,0,0,0,0,0,0,0,0,0,0,0.0,0,0,0.0,0,0,0.0,123,109,0
1628993,2020,42000211,2021-06-05 19:30:00,Brooklyn,Nets,Milwaukee,Bucks,Playoffs,1,1,1.0,0,0,1,1,0,0,0,0,0,-6,0,0,0.0,0,0,0.0,0,0,0.0,115,107,0
1628993,2020,42000212,2021-06-07 19:30:00,Brooklyn,Nets,Milwaukee,Bucks,Playoffs,1,1,7.0,2,0,4,3,1,0,1,1,1,8,3,1,0.333,0,0,0.0,0,0,0.0,125,86,0
1628993,2020,42000213,2021-06-10 19:30:00,Brooklyn,Nets,Milwaukee,Bucks,Playoffs,0,0,0.0,0,0,0,0,0,0,0,0,0,0,0,0,0.0,0,0,0.0,0,0,0.0,86,83,0
1628993,2020,42000214,2021-06-13 15:00:00,Brooklyn,Nets,Milwaukee,Bucks,Playoffs,0,0,4.0,0,0,4,3,1,0,0,1,0,4,0,0,0.0,0,0,0.0,0,0,0.0,107,96,0
1628993,2020,42000215,2021-06-15 20:30:00,Brooklyn,Nets,Milwaukee,Bucks,Playoffs,1,1,0.0,0,0,0,0,0,0,0,0,0,0,0,0,0.0,0,0,0.0,0,0,0.0,114,108,0
1628993,2020,42000216,2021-06-17 20:30:00,Brooklyn,Nets,Milwaukee,Bucks,Playoffs,0,0,4.0,4,0,1,0,1,0,1,1,0,6,3,2,0.667,0,0,0.0,0,0,0.0,104,89,0
1628993,2020,42000217,2021-06-19 20:30:00,Brooklyn,Nets,Milwaukee,Bucks,Playoffs,1,0,0.0,0,0,0,0,0,0,0,0,0,0,0,0,0.0,0,0,0.0,0,0,0.0,111,115,0
1628993,2021,12100012,2021-10-05 20:00:00,Chicago,Bulls,Cleveland,Cavaliers,Preseason,1,1,16.0,8,3,11,7,4,0,1,2,2,0,4,3,0.75,0,0,0.0,2,2,1.0,131,95,0
1628993,2021,12100027,2021-10-08 20:00:00,Chicago,Bulls,New Orleans,Pelicans,Preseason,1,1,13.0,4,5,9,6,3,1,1,0,0,17,4,2,0.5,1,0,0.0,0,0,0.0,121,85,0
1628993,2021,12100036,2021-10-10 19:00:00,Chicago,Bulls,Cleveland,Cavaliers,Preseason,0,1,17.0,14,1,11,8,3,0,1,0,5,4,6,5,0.833,0,0,0.0,5,4,0.8,101,102,0
1628993,2021,12100063,2021-10-15 20:00:00,Chicago,Bulls,Memphis,Grizzlies,Preseason,1,1,6.0,6,0,5,4,1,0,1,1,0,12,2,2,1.0,0,0,0.0,2,2,1.0,118,105,0
1628993,2021,22100004,2021-10-20 19:00:00,Chicago,Bulls,Detroit,Pistons,Regular Season,0,1,11.0,0,0,4,3,1,0,0,2,3,-7,2,0,0.0,0,0,0.0,0,0,0.0,88,94,0
1628993,2021,22100022,2021-10-22 20:00:00,Chicago,Bulls,New Orleans,Pelicans,Regular Season,1,1,14.0,8,2,8,6,2,0,0,1,1,10,3,3,1.0,0,0,0.0,3,2,0.667,128,112,0
1628993,2021,22100030,2021-10-23 20:00:00,Chicago,Bulls,Detroit,Pistons,Regular Season,1,1,5.0,0,0,0,0,0,0,1,0,1,0,0,0,0.0,0,0,0.0,0,0,0.0,97,82,0
1628993,2021,22100046,2021-10-25 19:30:00,Chicago,Bulls,Toronto,Raptors,Regular Season,0,1,13.0,6,1,2,1,1,0,0,0,2,-9,3,3,1.0,0,0,0.0,0,0,0.0,108,111,0
1628993,2021,22100067,2021-10-28 20:00:00,Chicago,Bulls,New York,Knicks,Regular Season,1,0,3.0,2,0,0,0,0,0,0,0,0,-12,2,1,0.5,0,0,0.0,0,0,0.0,103,104,0
1628993,2021,22100083,2021-10-30 20:00:00,Chicago,Bulls,Utah,Jazz,Regular Season,1,1,0.0,0,0,0,0,0,0,0,0,0,0,0,0,0.0,0,0,0.0,0,0,0.0,107,99,0
1628993,2021,22100098,2021-11-01 19:30:00,Chicago,Bulls,Boston,Celtics,Regular Season,0,1,0.0,0,0,0,0,0,0,0,0,0,0,0,0,0.0,0,0,0.0,0,0,0.0,114,128,0
1628993,2021,22100111,2021-11-03 19:00:00,Chicago,Bulls,Philadelphia,76ers,Regular Season,0,0,0.0,0,0,0,0,0,0,0,0,0,0,0,0,0.0,0,0,0.0,0,0,0.0,103,98,0
1628993,2021,22100135,2021-11-06 20:00:00,Chicago,Bulls,Philadelphia,76ers,Regular Season,1,0,0.0,0,0,0,0,0,0,0,0,0,0,0,0,0.0,0,0,0.0,0,0,0.0,105,114,0
1628993,2021,22100148,2021-11-08 20:00:00,Chicago,Bulls,Brooklyn,Nets,Regular Season,1,1,0.0,0,0,0,0,0,0,0,0,0,0,0,0,0.0,0,0,0.0,0,0,0.0,118,95,0
1628993,2021,22100163,2021-11-10 20:00:00,Chicago,Bulls,Dallas,Mavericks,Regular Season,1,1,10.0,2,1,7,3,4,0,0,1,0,-3,1,1,1.0,0,0,0.0,0,0,0.0,117,107,0
1628993,2021,22100183,2021-11-12 22:00:00,Chicago,Bulls,Golden State,Warriors,Regular Season,0,0,21.0,9,0,7,4,3,0,1,1,0,-8,8,4,0.5,1,0,0.0,2,1,0.5,119,93,0
1628993,2021,22100198,2021-11-14 21:30:00,Chicago,Bulls,Los Angeles,Clippers,Regular Season,0,1,0.0,0,0,0,0,0,0,0,0,0,0,0,0,0.0,0,0,0.0,0,0,0.0,90,100,0
1628993,2021,22100209,2021-11-15 22:30:00,Chicago,Bulls,Los Angeles,Lakers,Regular Season,0,1,3.0,0,2,0,0,0,0,0,0,0,-8,0,0,0.0,0,0,0.0,0,0,0.0,103,121,0
1628993,2021,22100223,2021-11-17 22:00:00,Chicago,Bulls,Portland,Trail Blazers,Regular Season,0,0,1.0,0,0,1,0,1,0,0,1,1,-7,1,0,0.0,0,0,0.0,0,0,0.0,112,107,0
1628993,2021,22100236,2021-11-19 21:00:00,Chicago,Bulls,Denver,Nuggets,Regular Season,0,1,0.0,0,0,0,0,0,0,0,0,0,0,0,0,0.0,0,0,0.0,0,0,0.0,108,114,0
1628993,2021,22100250,2021-11-21 20:00:00,Chicago,Bulls,New York,Knicks,Regular Season,1,1,4.0,0,0,0,0,0,0,0,0,2,-7,0,0,0.0,0,0,0.0,0,0,0.0,109,103,0
1628993,2021,22100257,2021-11-22 20:00:00,Chicago,Bulls,Indiana,Pacers,Regular Season,1,0,5.0,0,0,0,0,0,0,1,0,0,-6,1,0,0.0,0,0,0.0,0,0,0.0,77,109,0
1628993,2021,22100271,2021-11-24 20:00:00,Chicago,Bulls,Houston,Rockets,Regular Season,0,0,0.0,0,0,0,0,0,0,0,0,0,0,0,0,0.0,0,0,0.0,0,0,0.0,118,113,0
1628993,2021,22100283,2021-11-26 19:00:00,Chicago,Bulls,Orlando,Magic,Regular Season,0,1,2.0,0,2,1,0,1,0,0,0,2,2,0,0,0.0,0,0,0.0,0,0,0.0,88,123,0
1628993,2021,22100296,2021-11-27 20:00:00,Chicago,Bulls,Miami,Heat,Regular Season,1,0,0.0,0,0,0,0,0,0,0,0,0,0,0,0,0.0,0,0,0.0,0,0,0.0,104,107,0
1628993,2021,22100307,2021-11-29 20:00:00,Chicago,Bulls,Charlotte,Hornets,Regular Season,1,1,0.0,0,0,0,0,0,0,0,0,0,0,0,0,0.0,0,0,0.0,0,0,0.0,133,119,0
1628993,2021,22100328,2021-12-02 19:30:00,Chicago,Bulls,New York,Knicks,Regular Season,0,1,0.0,0,0,0,0,0,0,0,0,0,0,0,0,0.0,0,0,0.0,0,0,0.0,115,119,0
1628993,2021,22100343,2021-12-04 20:00:00,Chicago,Bulls,Brooklyn,Nets,Regular Season,0,1,6.0,0,0,2,1,1,0,0,1,0,4,0,0,0.0,0,0,0.0,0,0,0.0,107,111,0
1628993,2021,22100357,2021-12-06 20:00:00,Chicago,Bulls,Denver,Nuggets,Regular Season,1,1,0.0,0,0,0,0,0,0,0,0,0,0,0,0,0.0,0,0,0.0,0,0,0.0,109,97,0
1628993,2021,22100367,2021-12-08 19:00:00,Chicago,Bulls,Cleveland,Cavaliers,Regular Season,0,0,11.0,1,0,3,1,2,0,0,1,1,-7,2,0,0.0,1,0,0.0,2,1,0.5,115,92,0
1628993,2021,22100394,2021-12-11 20:00:00,Chicago,Bulls,Miami,Heat,Regular Season,0,0,4.0,0,0,1,1,0,0,0,0,2,-3,0,0,0.0,0,0,0.0,0,0,0.0,118,92,0
1628993,2021,22100509,2021-12-28 19:30:00,Washington,Wizards,Miami,Heat,Regular Season,0,0,9.0,4,0,8,3,5,0,0,3,0,-1,5,2,0.4,1,0,0.0,1,0,0.0,119,112,0
1628993,2021,22100527,2021-12-30 19:00:00,Washington,Wizards,Cleveland,Cavaliers,Regular Season,1,1,0.0,0,0,0,0,0,0,0,0,0,0,0,0,0.0,0,0,0.0,0,0,0.0,110,93,0
1628993,2021,22100541,2022-01-01 19:00:00,Washington,Wizards,Chicago,Bulls,Regular Season,1,0,2.0,0,0,0,0,0,0,0,0,0,-3,0,0,0.0,0,0,0.0,0,0,0.0,119,120,0
1628993,2021,22100553,2022-01-03 19:00:00,Washington,Wizards,Charlotte,Hornets,Regular Season,1,1,5.0,0,0,4,4,0,0,0,0,0,-1,1,0,0.0,1,0,0.0,0,0,0.0,124,121,0
1628993,2021,22100569,2022-01-05 19:00:00,Washington,Wizards,Houston,Rockets,Regular Season,1,0,0.0,0,0,0,0,0,0,0,0,0,0,0,0,0.0,0,0,0.0,0,0,0.0,111,114,0
1628993,2021,22100937,2022-03-02 20:00:00,New Orleans,Pelicans,Sacramento,Kings,Regular Season,1,1,2.0,0,0,1,1,0,0,0,0,0,7,0,0,0.0,0,0,0.0,0,0,0.0,125,95,0
1628993,2021,22100950,2022-03-04 20:00:00,New Orleans,Pelicans,Utah,Jazz,Regular Season,1,1,4.0,5,1,4,1,3,0,0,0,1,2,3,2,0.667,0,0,0.0,2,1,0.5,124,90,0
1628993,2021,22100967,2022-03-06 20:00:00,New Orleans,Pelicans,Denver,Nuggets,Regular Season,0,0,0.0,0,0,0,0,0,0,0,0,0,0,0,0,0.0,0,0,0.0,0,0,0.0,138,130,0
1628993,2021,22100978,2022-03-08 19:30:00,New Orleans,Pelicans,Memphis,Grizzlies,Regular Season,0,0,16.0,4,0,7,4,3,0,1,1,2,11,5,1,0.2,0,0,0.0,2,2,1.0,132,111,0
1628993,2021,22100987,2022-03-09 20:00:00,New Orleans,Pelicans,Orlando,Magic,Regular Season,1,0,0.0,0,0,0,0,0,0,0,0,0,0,0,0,0.0,0,0,0.0,0,0,0.0,102,108,0
1628993,2021,22101017,2022-03-13 19:00:00,New Orleans,Pelicans,Houston,Rockets,Regular Season,1,1,4.0,0,0,1,0,1,0,1,0,0,1,2,0,0.0,0,0,0.0,0,0,0.0,130,105,0
1628993,2022,12200007,2022-10-02 19:00:00,San Antonio,Spurs,Houston,Rockets,Preseason,0,0,13.0,0,2,4,2,2,0,1,1,0,-8,1,0,0.0,0,0,0.0,0,0,0.0,134,96,0
1628993,2022,12200026,2022-10-06 20:00:00,San Antonio,Spurs,Orlando,Magic,Preseason,1,0,4.0,2,1,2,2,0,0,0,0,1,-7,2,1,0.5,0,0,0.0,1,0,0.0,99,102,0
1628993,2022,12200039,2022-10-09 19:00:00,San Antonio,Spurs,New Orleans,Pelicans,Preseason,1,0,5.0,4,0,5,1,4,0,0,1,1,2,4,2,0.5,0,0,0.0,0,0,0.0,97,111,0
1628993,2022,12200050,2022-10-11 21:00:00,San Antonio,Spurs,Utah,Jazz,Preseason,0,1,3.0,0,1,2,2,0,0,0,0,0,-3,2,0,0.0,0,0,0.0,0,0,0.0,104,111,0
1628993,2022,12200061,2022-10-13 20:00:00,San Antonio,Spurs,Oklahoma City,Thunder,Preseason,1,0,0.0,0,0,0,0,0,0,0,0,0,0,0,0,0.0,0,0,0.0,0,0,0.0,112,118,0
1628993,2022,22200319,2022-11-30 20:00:00,San Antonio,Spurs,Oklahoma City,Thunder,Regular Season,0,0,6.0,2,0,3,2,1,0,0,0,0,6,1,1,1.0,0,0,0.0,0,0,0.0,119,111,0
1628993,2022,22200333,2022-12-02 20:00:00,San Antonio,Spurs,New Orleans,Pelicans,Regular Season,1,0,2.0,0,0,2,2,0,0,0,0,0,4,0,0,0.0,0,0,0.0,0,0,0.0,99,117,0
1628993,2022,22200345,2022-12-04 16:00:00,San Antonio,Spurs,Phoenix,Suns,Regular Season,1,0,14.0,5,0,4,3,1,0,1,3,1,0,5,2,0.4,2,0,0.0,2,1,0.5,95,133,0
1628993,2022,22200375,2022-12-08 20:30:00,San Antonio,Spurs,Houston,Rockets,Regular Season,1,1,5.0,0,1,1,1,0,0,0,1,2,2,0,0,0.0,0,0,0.0,0,0,0.0,118,109,0
1628993,2022,22200387,2022-12-10 17:00:00,San Antonio,Spurs,Miami,Heat,Regular Season,0,1,0.0,0,0,0,0,0,0,0,0,0,0,0,0,0.0,0,0,0.0,0,0,0.0,111,115,0
1628993,2022,22200406,2022-12-12 20:30:00,San Antonio,Spurs,Cleveland,Cavaliers,Regular Season,1,1,0.0,0,0,0,0,0,0,0,0,0,0,0,0,0.0,0,0,0.0,0,0,0.0,112,111,0
1628993,2025,12500028,2025-10-04 21:00:00,Minnesota,Timberwolves,Denver,Nuggets,Preseason,0,1,7.32,0,0,1,1,0,0,0,1,0,2,0,0,0.0,0,0,0.0,0,0,0.0,116,126,12096
1628993,2025,12500036,2025-10-07 20:00:00,Minnesota,Timberwolves,Indiana,Pacers,Preseason,1,0,17.0,9,1,9,9,0,0,0,1,1,12,4,3,0.75,0,0,0.0,5,3,0.6,134,135,9247
1628993,2025,12500039,2025-10-09 19:30:00,Minnesota,Timberwolves,New York,Knicks,Preseason,0,0,4.33,0,0,1,1,0,0,0,0,0,-5,0,0,0.0,0,0,0.0,0,0,0.0,100,95,18344
1628993,2025,12500055,2025-10-13 20:00:00,Minnesota,Timberwolves,Guangzhou,Loong-Lions,Preseason,1,1,11.03,6,1,1,1,0,0,0,1,2,18,3,3,1.0,0,0,0.0,0,0,0.0,134,74,8013
1628993,2025,12500064,2025-10-16 20:00:00,Minnesota,Timberwolves,Chicago,Bulls,Preseason,0,0,0.0,0,0,0,0,0,0,0,0,0,0,0,0,0.0,0,0,0.0,0,0,0.0,126,120,17573
1628993,2025,12500071,2025-10-17 19:00:00,Minnesota,Timberwolves,Philadelphia,76ers,Preseason,0,0,11.2,4,0,4,3,1,0,0,1,0,-3,4,1,0.25,1,0,0.0,4,2,0.5,126,110,17824
