personId,season,gameId,gameDateTimeEst,playerteamCity,playerteamName,opponentteamCity,opponentteamName,gameType,home,win,numMinutes,points,assists,reboundsTotal,reboundsDefensive,reboundsOffensive,blocks,steals,turnovers,foulsPersonal,plusMinusPoints,fieldGoalsAttempted,fieldGoalsMade,fieldGoalsPercentage,threePointersAttempted,threePointersMade,threePointersPercentage,freeThrowsAttempted,freeThrowsMade,freeThrowsPercentage,homeScore,awayScore,attendance
202083,0,10900026,,Utah,,,,Pre Season,0,0,15.0,2,0,0,0,0,0,1,3,4,0,1,1,1.0,0,0,0.0,0,0,0.0,0,0,0
202083,0,11400070,,Portland,,,,Pre Season,0,0,22.416666666666668,11,6,1,1,0,0,0,1,2,13,6,4,0.667,5,3,0.6,0,0,0.0,0,0,0
202083,0,11800004,,Dallas,,,,Pre Season,0,0,23.816666666666666,8,1,3,2,1,0,0,0,4,19,7,1,0.143,2,0,0.0,7,6,0.857,0,0,0
202083,2009,10900001,2009-10-01 21:00:00,Utah,Jazz,Denver,Nuggets,Preseason,1,1,13.0,6,0,1,0,1,0,2,0,0,0,4,1,0.25,1,1,1.0,4,3,0.75,103,87,0
202083,2009,10900072,2009-10-17 19:30:00,Utah,Jazz,Los Angeles,Clippers,Preseason,0,0,28.0,5,1,2,2,0,0,1,0,3,0,4,1,0.25,0,0,0.0,3,3,1.0,103,96,0
202083,2009,10900081,2009-10-18 19:30:00,Utah,Jazz,Charlotte,Bobcats,Preseason,0,1,21.0,2,1,2,2,0,0,0,2,2,0,5,1,0.2,1,0,0.0,0,0,0.0,103,110,0
202083,2009,10900092,2009-10-20 22:00:00,Utah,Jazz,Portland,Trail Blazers,Preseason,0,1,20.0,10,2,1,0,1,0,1,2,2,0,4,2,0.5,0,0,0.0,6,6,1.0,97,108,0
202083,2009,10900112,2009-10-23 22:00:00,Utah,Jazz,Sacramento,Kings,Preseason,0,1,26.0,12,1,1,1,0,0,3,2,2,0,9,3,0.333,2,0,0.0,6,6,1.0,85,95,0
202083,2009,20900014,2009-10-28 22:30:00,Utah,Jazz,Denver,Nuggets,Regular Season,0,0,5.0,0,0,0,0,0,0,0,0,0,-6,1,0,0.0,0,0,0.0,0,0,0.0,114,105,0
202083,2009,20900029,2009-10-30 21:00:00,Utah,Jazz,Los Angeles,Clippers,Regular Season,1,1,2.0,0,0,0,0,0,0,0,0,0,-4,0,0,0.0,0,0,0.0,0,0,0.0,111,98,0
202083,2009,20900048,2009-11-02 21:00:00,Utah,Jazz,Houston,Rockets,Regular Season,1,0,15.0,6,0,1,1,0,0,0,1,1,-2,5,2,0.4,2,0,0.0,2,2,1.0,96,113,0
202083,2009,20900058,2009-11-03 20:30:00,Utah,Jazz,Dallas,Mavericks,Regular Season,0,0,14.0,8,2,1,1,0,0,0,0,1,-2,5,3,0.6,0,0,0.0,4,2,0.5,96,85,0
202083,2009,20900071,2009-11-05 22:30:00,Utah,Jazz,San Antonio,Spurs,Regular Season,1,1,24.0,12,0,3,2,1,0,2,0,3,5,8,5,0.625,2,1,0.5,3,1,0.333,113,99,0
202083,2009,20900090,2009-11-07 21:00:00,Utah,Jazz,Sacramento,Kings,Regular Season,1,0,21.0,11,0,1,1,0,0,0,0,3,-9,5,4,0.8,0,0,0.0,3,3,1.0,99,104,0
202083,2009,20900099,2009-11-09 19:30:00,Utah,Jazz,New York,Knicks,Regular Season,0,1,18.0,6,0,2,2,0,0,0,3,1,4,5,2,0.4,1,0,0.0,2,2,1.0,93,95,0
202083,2009,20900111,2009-11-11 19:30:00,Utah,Jazz,Boston,Celtics,Regular Season,0,0,25.0,4,0,0,0,0,0,1,0,1,-9,6,2,0.333,3,0,0.0,0,0,0.0,105,86,0
202083,2009,20900125,2009-11-13 19:00:00,Utah,Jazz,Philadelphia,76ers,Regular Season,0,1,38.0,16,2,4,2,2,0,2,3,4,18,11,5,0.455,4,3,0.75,3,3,1.0,90,112,0
202083,2009,20900137,2009-11-14 19:30:00,Utah,Jazz,Cleveland,Cavaliers,Regular Season,0,0,34.0,13,2,1,1,0,0,0,5,2,-7,9,5,0.556,3,3,1.0,0,0,0.0,107,103,0
202083,2009,20900167,2009-11-18 21:00:00,Utah,Jazz,Toronto,Raptors,Regular Season,1,1,25.0,4,1,1,1,0,0,0,0,1,3,5,2,0.4,1,0,0.0,0,0,0.0,104,91,0
202083,2009,20900171,2009-11-19 20:30:00,Utah,Jazz,San Antonio,Spurs,Regular Season,0,1,20.0,5,0,2,2,0,0,0,1,3,-4,5,2,0.4,2,0,0.0,2,1,0.5,83,90,0
202083,2009,20900190,2009-11-21 21:00:00,Utah,Jazz,Detroit,Pistons,Regular Season,1,1,26.0,5,0,0,0,0,0,0,1,1,-4,5,2,0.4,0,0,0.0,2,1,0.5,100,97,0
202083,2009,20900206,2009-11-24 21:00:00,Utah,Jazz,Oklahoma City,Thunder,Regular Season,1,0,20.0,7,0,1,1,0,0,0,2,1,-9,4,2,0.5,2,0,0.0,4,3,0.75,94,104,0
202083,2009,20900221,2009-11-26 22:30:00,Utah,Jazz,Chicago,Bulls,Regular Season,1,1,22.0,6,0,3,2,1,0,0,0,1,1,6,3,0.5,0,0,0.0,1,0,0.0,105,86,0
202083,2009,20900237,2009-11-28 21:00:00,Utah,Jazz,Portland,Trail Blazers,Regular Season,1,1,29.0,5,3,5,5,0,0,0,1,1,20,4,1,0.25,3,1,0.333,2,2,1.0,108,92,0
202083,2009,20900251,2009-11-30 21:00:00,Utah,Jazz,Memphis,Grizzlies,Regular Season,1,1,38.0,17,5,1,1,0,0,2,2,2,12,7,6,0.857,2,2,1.0,3,3,1.0,120,93,0
202083,2009,20900280,2009-12-04 21:00:00,Utah,Jazz,Indiana,Pacers,Regular Season,1,1,35.0,18,1,5,3,2,1,2,1,5,17,13,7,0.538,7,2,0.286,3,2,0.667,96,87,0
202083,2009,20900284,2009-12-05 20:00:00,Utah,Jazz,Minnesota,Timberwolves,Regular Season,0,0,34.0,11,0,3,2,1,0,0,0,2,-6,9,5,0.556,4,1,0.25,1,0,0.0,108,101,0
202083,2009,20900299,2009-12-07 21:00:00,Utah,Jazz,San Antonio,Spurs,Regular Season,1,1,34.0,11,3,0,0,0,0,1,1,2,15,10,4,0.4,4,2,0.5,1,1,1.0,104,101,0
202083,2009,20900316,2009-12-09 22:30:00,Utah,Jazz,Los Angeles,Lakers,Regular Season,0,0,32.0,7,0,4,2,2,0,0,1,3,-20,12,2,0.167,3,0,0.0,3,3,1.0,101,77,0
202083,2009,20900319,2009-12-10 22:30:00,Utah,Jazz,Orlando,Magic,Regular Season,1,1,36.0,8,1,4,3,1,0,1,1,3,4,9,3,0.333,5,0,0.0,2,2,1.0,120,111,0
202083,2009,20900337,2009-12-12 21:00:00,Utah,Jazz,Los Angeles,Lakers,Regular Season,1,1,37.0,19,6,2,1,1,0,0,1,1,13,12,7,0.583,5,2,0.4,4,3,0.75,102,94,0
202083,2009,20900349,2009-12-14 21:00:00,Utah,Jazz,Minnesota,Timberwolves,Regular Season,1,0,32.0,8,3,1,1,0,0,0,0,2,1,9,3,0.333,4,1,0.25,1,1,1.0,108,110,0
202083,2009,20900362,2009-12-16 19:30:00,Utah,Jazz,New Jersey,Nets,Regular Season,0,1,20.0,10,1,0,0,0,0,0,0,0,4,3,3,1.0,0,0,0.0,4,4,1.0,92,108,0
202083,2009,20900374,2009-12-18 19:30:00,Utah,Jazz,Atlanta,Hawks,Regular Season,0,0,23.0,11,1,2,1,1,0,1,1,2,-13,6,3,0.5,2,1,0.5,4,4,1.0,96,83,0
202083,2009,20900384,2009-12-19 19:00:00,Utah,Jazz,Charlotte,Bobcats,Regular Season,0,1,7.0,0,0,0,0,0,0,0,1,0,-3,1,0,0.0,0,0,0.0,0,0,0.0,102,110,0
202083,2009,20900401,2009-12-21 19:00:00,Utah,Jazz,Orlando,Magic,Regular Season,0,0,8.0,0,1,0,0,0,0,1,0,1,-8,0,0,0.0,0,0,0.0,0,0,0.0,104,99,0
202083,2009,20900416,2009-12-23 19:30:00,Utah,Jazz,Miami,Heat,Regular Season,0,0,25.0,4,0,7,6,1,0,0,0,1,5,7,2,0.286,2,0,0.0,2,0,0.0,80,70,0
202083,2009,20900436,2009-12-26 21:00:00,Utah,Jazz,Philadelphia,76ers,Regular Season,1,1,34.0,16,3,7,5,2,1,2,4,1,19,9,6,0.667,2,1,0.5,5,3,0.6,97,76,0
202083,2009,20900464,2009-12-30 20:00:00,Utah,Jazz,Minnesota,Timberwolves,Regular Season,0,1,6.0,0,1,1,1,0,0,0,1,0,-5,2,0,0.0,0,0,0.0,0,0,0.0,103,107,0
202083,2009,20900472,2009-12-31 20:00:00,Utah,Jazz,Oklahoma City,Thunder,Regular Season,0,0,26.0,14,1,3,2,1,1,1,0,1,1,10,7,0.7,1,0,0.0,0,0,0.0,87,86,0
202083,2009,20900486,2010-01-02 21:00:00,Utah,Jazz,Denver,Nuggets,Regular Season,1,0,22.0,6,2,2,2,0,0,0,4,3,-4,5,2,0.4,2,0,0.0,2,2,1.0,95,105,0
202083,2009,20900496,2010-01-04 21:00:00,Utah,Jazz,New Orleans,Hornets,Regular Season,1,0,14.0,3,0,3,2,1,0,0,0,0,-1,5,1,0.2,1,1,1.0,0,0,0.0,87,91,0
202083,2009,20900515,2010-01-06 21:00:00,Utah,Jazz,Memphis,Grizzlies,Regular Season,1,1,19.0,15,3,1,1,0,0,0,2,3,17,9,5,0.556,1,1,1.0,4,4,1.0,117,94,0
202083,2009,20900521,2010-01-08 20:00:00,Utah,Jazz,Memphis,Grizzlies,Regular Season,0,0,14.0,4,0,2,1,1,0,0,1,1,-1,9,2,0.222,0,0,0.0,0,0,0.0,91,89,0
202083,2009,20900535,2010-01-09 20:30:00,Utah,Jazz,Dallas,Mavericks,Regular Season,0,1,14.0,10,0,0,0,0,1,0,0,1,6,5,4,0.8,3,2,0.667,0,0,0.0,93,111,0
202083,2009,20900551,2010-01-11 21:00:00,Utah,Jazz,Miami,Heat,Regular Season,1,1,18.0,18,0,3,3,0,0,1,0,0,17,8,5,0.625,5,3,0.6,6,5,0.833,118,89,0
202083,2009,20900570,2010-01-14 22:30:00,Utah,Jazz,Cleveland,Cavaliers,Regular Season,1,1,15.0,6,1,1,1,0,1,0,1,2,1,4,2,0.5,2,1,0.5,2,1,0.5,97,96,0
202083,2009,20900590,2010-01-16 21:00:00,Utah,Jazz,Milwaukee,Bucks,Regular Season,1,1,12.0,4,0,0,0,0,0,0,0,1,3,4,2,0.5,1,0,0.0,0,0,0.0,112,95,0
202083,2009,20900593,2010-01-17 21:00:00,Utah,Jazz,Denver,Nuggets,Regular Season,0,0,13.0,9,1,2,1,1,1,2,0,1,-8,7,3,0.429,1,1,1.0,2,2,1.0,119,112,0
202083,2009,20900618,2010-01-20 21:00:00,Utah,Jazz,San Antonio,Spurs,Regular Season,0,1,7.0,0,1,1,0,1,0,0,1,0,-10,2,0,0.0,0,0,0.0,0,0,0.0,98,105,0
202083,2009,20900645,2010-01-23 21:00:00,Utah,Jazz,New Jersey,Nets,Regular Season,1,1,19.0,9,3,2,1,1,0,0,1,1,2,7,3,0.429,0,0,0.0,3,3,1.0,116,83,0
202083,2009,20900656,2010-01-25 21:00:00,Utah,Jazz,Phoenix,Suns,Regular Season,1,1,23.0,21,5,4,2,2,0,2,1,0,17,13,6,0.462,6,3,0.5,7,6,0.857,124,115,0
202083,2009,20900672,2010-01-27 22:00:00,Utah,Jazz,Portland,Trail Blazers,Regular Season,0,1,9.0,3,2,2,2,0,0,0,1,5,-4,2,0,0.0,1,0,0.0,4,3,0.75,95,106,0
202083,2009,20900687,2010-01-29 21:00:00,Utah,Jazz,Sacramento,Kings,Regular Season,1,1,11.0,4,0,0,0,0,0,0,0,1,1,1,0,0.0,0,0,0.0,6,4,0.667,101,94,0
202083,2009,20900709,2010-02-01 21:00:00,Utah,Jazz,Dallas,Mavericks,Regular Season,1,1,33.0,7,2,4,2,2,2,2,0,1,24,11,3,0.273,0,0,0.0,1,1,1.0,104,92,0
202083,2009,20900728,2010-02-03 21:00:00,Utah,Jazz,Portland,Trail Blazers,Regular Season,1,1,24.0,16,1,5,3,2,0,1,2,3,6,6,6,1.0,0,0,0.0,6,4,0.667,118,105,0
202083,2009,20900749,2010-02-06 21:00:00,Utah,Jazz,Denver,Nuggets,Regular Season,1,1,23.0,7,1,2,0,2,0,0,0,1,3,8,1,0.125,2,0,0.0,6,5,0.833,116,106,0
202083,2009,20900768,2010-02-09 22:30:00,Utah,Jazz,Los Angeles,Clippers,Regular Season,0,1,19.0,8,1,1,0,1,0,0,0,3,16,6,3,0.5,1,0,0.0,3,2,0.667,99,109,0
202083,2009,20900777,2010-02-10 21:00:00,Utah,Jazz,Los Angeles,Lakers,Regular Season,1,0,18.0,13,1,0,0,0,0,3,0,0,1,7,6,0.857,1,1,1.0,0,0,0.0,81,96,0
202083,2009,20900787,2010-02-16 20:30:00,Utah,Jazz,Houston,Rockets,Regular Season,0,1,7.0,0,0,3,1,2,0,0,1,2,-6,0,0,0.0,0,0,0.0,0,0,0.0,95,104,0
202083,2009,20900798,2010-02-17 20:00:00,Utah,Jazz,New Orleans,Hornets,Regular Season,0,1,10.0,4,1,1,1,0,0,0,0,0,8,2,1,0.5,0,0,0.0,2,2,1.0,90,98,0
202083,2009,20900814,2010-02-19 22:30:00,Utah,Jazz,Golden State,Warriors,Regular Season,0,1,24.0,6,1,4,2,2,0,2,0,2,-1,9,3,0.333,3,0,0.0,0,0,0.0,89,100,0
202083,2009,20900831,2010-02-21 22:30:00,Utah,Jazz,Portland,Trail Blazers,Regular Season,0,1,33.0,12,0,2,2,0,0,1,1,3,-3,9,4,0.444,2,0,0.0,5,4,0.8,89,93,0
202083,2009,20900835,2010-02-22 21:00:00,Utah,Jazz,Atlanta,Hawks,Regular Season,1,0,29.0,11,1,3,1,2,0,0,1,4,-6,9,5,0.556,2,1,0.5,0,0,0.0,100,105,0
202083,2009,20900854,2010-02-24 21:00:00,Utah,Jazz,Charlotte,Bobcats,Regular Season,1,1,28.0,4,3,2,1,1,0,3,1,0,11,6,2,0.333,1,0,0.0,0,0,0.0,102,93,0
202083,2009,20900868,2010-02-26 22:00:00,Utah,Jazz,Sacramento,Kings,Regular Season,0,0,25.0,12,1,2,2,0,0,1,2,2,-9,12,5,0.417,4,2,0.5,0,0,0.0,103,99,0
202083,2009,20900876,2010-02-27 21:00:00,Utah,Jazz,Houston,Rockets,Regular Season,1,1,33.0,18,3,3,3,0,0,0,1,4,30,9,7,0.778,2,1,0.5,4,3,0.75,133,110,0
202083,2009,20900894,2010-03-01 22:30:00,Utah,Jazz,Los Angeles,Clippers,Regular Season,0,0,26.0,9,0,2,1,1,0,0,0,1,-13,5,2,0.4,2,0,0.0,6,5,0.833,108,104,0
202083,2009,20900913,2010-03-04 22:30:00,Utah,Jazz,Phoenix,Suns,Regular Season,0,1,29.0,10,1,1,1,0,1,1,2,1,-11,7,2,0.286,3,1,0.333,6,5,0.833,108,116,0
202083,2009,20900933,2010-03-06 21:00:00,Utah,Jazz,Los Angeles,Clippers,Regular Season,1,1,24.0,11,2,3,3,0,0,0,0,0,4,5,3,0.6,1,1,1.0,4,4,1.0,107,85,0
202083,2009,20900949,2010-03-09 20:00:00,Utah,Jazz,Chicago,Bulls,Regular Season,0,1,25.0,12,4,2,1,1,0,4,1,2,11,6,4,0.667,2,2,1.0,2,2,1.0,108,132,0
202083,2009,20900955,2010-03-10 19:30:00,Utah,Jazz,Detroit,Pistons,Regular Season,0,1,24.0,14,3,2,1,1,1,1,3,2,-8,7,5,0.714,1,0,0.0,4,4,1.0,104,115,0
202083,2009,20900973,2010-03-12 20:30:00,Utah,Jazz,Milwaukee,Bucks,Regular Season,0,0,24.0,6,1,3,2,1,0,0,3,3,-3,9,3,0.333,0,0,0.0,0,0,0.0,95,87,0
202083,2009,20900987,2010-03-14 19:00:00,Utah,Jazz,Oklahoma City,Thunder,Regular Season,0,0,35.0,29,0,3,1,2,0,0,2,4,-3,11,9,0.818,7,6,0.857,6,5,0.833,119,111,0
202083,2009,20900994,2010-03-15 21:00:00,Utah,Jazz,Washington,Wizards,Regular Season,1,1,31.0,12,2,4,4,0,1,1,0,3,17,7,4,0.571,4,2,0.5,2,2,1.0,112,89,0
202083,2009,20901013,2010-03-17 21:00:00,Utah,Jazz,Minnesota,Timberwolves,Regular Season,1,1,29.0,10,2,1,1,0,0,3,2,3,6,9,3,0.333,2,0,0.0,4,4,1.0,122,100,0
202083,2009,20901025,2010-03-19 22:00:00,Utah,Jazz,Phoenix,Suns,Regular Season,0,0,36.0,9,4,4,3,1,0,3,1,2,-16,7,3,0.429,1,0,0.0,4,3,0.75,110,100,0
202083,2009,20901035,2010-03-20 21:00:00,Utah,Jazz,New Orleans,Hornets,Regular Season,1,1,29.0,12,2,2,2,0,0,1,1,3,27,9,5,0.556,2,0,0.0,2,2,1.0,106,86,0
202083,2009,20901050,2010-03-22 21:00:00,Utah,Jazz,Boston,Celtics,Regular Season,1,1,36.0,10,3,1,1,0,0,2,4,2,17,8,4,0.5,3,0,0.0,2,2,1.0,110,97,0
202083,2009,20901061,2010-03-24 19:00:00,Utah,Jazz,Toronto,Raptors,Regular Season,0,1,35.0,16,1,8,7,1,1,1,1,3,32,10,5,0.5,6,3,0.5,4,3,0.75,87,113,0
202083,2009,20901072,2010-03-26 19:00:00,Utah,Jazz,Indiana,Pacers,Regular Season,0,0,27.0,11,4,4,3,1,0,0,3,3,-11,7,4,0.571,1,1,1.0,2,2,1.0,122,106,0
202083,2009,20901082,2010-03-27 19:00:00,Utah,Jazz,Washington,Wizards,Regular Season,0,1,24.0,5,3,4,4,0,0,0,2,3,10,4,2,0.5,1,0,0.0,1,1,1.0,87,103,0
202083,2009,20901101,2010-03-29 21:00:00,Utah,Jazz,New York,Knicks,Regular Season,1,1,25.0,12,1,2,2,0,0,1,1,2,9,8,5,0.625,3,2,0.667,0,0,0.0,103,98,0
202083,2009,20901119,2010-03-31 22:00:00,Utah,Jazz,Golden State,Warriors,Regular Season,1,1,32.0,18,1,5,5,0,0,1,2,2,24,9,5,0.556,6,2,0.333,6,6,1.0,128,104,0
202083,2009,20901131,2010-04-02 22:30:00,Utah,Jazz,Los Angeles,Lakers,Regular Season,0,0,33.0,14,3,5,5,0,0,3,1,4,-19,9,5,0.556,3,2,0.667,2,2,1.0,106,92,0
202083,2009,20901156,2010-04-06 21:00:00,Utah,Jazz,Oklahoma City,Thunder,Regular Season,1,1,41.0,14,4,4,1,3,0,3,2,5,4,11,4,0.364,3,2,0.667,4,4,1.0,140,139,0
202083,2009,20901168,2010-04-07 20:00:00,Utah,Jazz,Houston,Rockets,Regular Season,0,0,27.0,0,3,0,0,0,0,0,0,2,-25,5,0,0.0,2,0,0.0,0,0,0.0,113,96,0
202083,2009,20901182,2010-04-09 20:00:00,Utah,Jazz,New Orleans,Hornets,Regular Season,0,1,39.0,20,3,3,3,0,0,1,1,3,16,11,8,0.727,2,2,1.0,2,2,1.0,103,114,0
202083,2009,20901214,2010-04-13 22:30:00,Utah,Jazz,Golden State,Warriors,Regular Season,0,1,41.0,16,4,5,4,1,3,2,3,1,6,15,7,0.467,3,0,0.0,2,2,1.0,94,103,0
202083,2009,20901230,2010-04-14 22:30:00,Utah,Jazz,Phoenix,Suns,Regular Season,1,0,35.0,7,2,3,3,0,0,2,6,4,-7,8,2,0.25,2,0,0.0,4,3,0.75,86,100,0
202083,2009,40900171,2010-04-17 22:30:00,Utah,Jazz,Denver,Nuggets,Playoffs,0,0,37.0,6,2,4,4,0,0,1,1,3,-9,5,2,0.4,1,0,0.0,2,2,1.0,126,113,0
202083,2009,40900172,2010-04-19 22:30:00,Utah,Jazz,Denver,Nuggets,Playoffs,0,1,30.0,7,1,3,3,0,0,2,1,4,8,7,1,0.143,3,1,0.333,4,4,1.0,111,114,0
202083,2009,40900173,2010-04-23 22:30:00,Utah,Jazz,Denver,Nuggets,Playoffs,1,1,37.0,14,1,5,3,2,0,3,1,4,5,12,4,0.333,7,3,0.429,4,3,0.75,105,93,0
202083,2009,40900174,2010-04-25 21:30:00,Utah,Jazz,Denver,Nuggets,Playoffs,1,1,42.0,18,3,5,3,2,1,3,0,3,13,11,7,0.636,3,1,0.333,4,3,0.75,117,106,0
202083,2009,40900175,2010-04-28 22:30:00,Utah,Jazz,Denver,Nuggets,Playoffs,0,0,39.0,15,1,0,0,0,1,0,2,3,-7,10,4,0.4,5,1,0.2,8,6,0.75,116,102,0
202083,2009,40900176,2010-04-30 22:00:00,Utah,Jazz,Denver,Nuggets,Playoffs,1,1,39.0,23,4,5,4,1,1,0,3,2,11,12,4,0.333,4,2,0.5,15,13,0.867,112,104,0
202083,2009,40900231,2010-05-02 15:30:00,Utah,Jazz,Los Angeles,Lakers,Playoffs,0,0,34.0,14,2,7,6,1,0,3,3,4,-7,12,5,0.417,4,2,0.5,2,2,1.0,104,99,0
202083,2009,40900232,2010-05-04 22:30:00,Utah,Jazz,Los Angeles,Lakers,Playoffs,0,0,34.0,14,1,5,3,2,0,3,1,3,-4,11,5,0.455,6,4,0.667,1,0,0.0,111,103,0
202083,2009,40900233,2010-05-08 20:00:00,Utah,Jazz,Los Angeles,Lakers,Playoffs,1,0,37.0,9,2,6,5,1,1,2,2,4,2,11,2,0.182,6,0,0.0,6,5,0.833,110,111,0
202083,2009,40900234,2010-05-10 22:30:00,Utah,Jazz,Los Angeles,Lakers,Playoffs,1,0,37.0,12,0,4,3,1,1,1,1,4,-19,10,5,0.5,3,1,0.333,2,1,0.5,96,111,0
202083,2010,11000008,2010-10-05 22:00:00,Portland,Trail Blazers,Los Angeles,Clippers,Preseason,1,1,20.0,20,3,4,1,3,1,0,1,1,0,9,4,0.444,8,3,0.375,10,9,0.9,115,86,0
202083,2010,11000021,2010-10-07 21:00:00,Portland,Trail Blazers,Utah,Jazz,Preseason,0,0,38.0,21,5,2,2,0,0,1,2,3,0,15,6,0.4,4,2,0.5,10,7,0.699,100,96,0
202083,2010,11000026,2010-10-08 21:00:00,Portland,Trail Blazers,Denver,Nuggets,Preseason,0,0,8.0,5,0,2,2,0,0,0,0,0,0,3,2,0.667,1,1,1.0,0,0,0.0,109,99,0
202083,2010,11000041,2010-10-11 22:00:00,Portland,Trail Blazers,Utah,Jazz,Preseason,1,0,29.0,16,2,5,2,3,0,0,2,4,0,12,7,0.582,2,0,0.0,2,2,1.0,100,109,0
202083,2010,11000075,2010-10-16 22:00:00,Portland,Trail Blazers,Golden State,Warriors,Preseason,1,1,4.0,2,0,0,0,0,0,0,1,1,0,2,1,0.5,0,0,0.0,0,0,0.0,118,105,0
202083,2010,21000002,2010-10-26 22:00:00,Portland,Trail Blazers,Phoenix,Suns,Regular Season,1,1,30.0,13,3,6,4,2,0,0,0,4,22,12,5,0.417,2,1,0.5,3,2,0.667,106,92,0
202083,2010,21000016,2010-10-27 22:30:00,Portland,Trail Blazers,Los Angeles,Clippers,Regular Season,0,1,17.0,4,1,0,0,0,0,1,2,0,-4,7,2,0.286,3,0,0.0,0,0,0.0,88,98,0
202083,2010,21000033,2010-10-30 19:30:00,Portland,Trail Blazers,New York,Knicks,Regular Season,0,1,25.0,13,0,6,5,1,0,0,4,2,-4,7,5,0.714,2,1,0.5,2,2,1.0,95,100,0
202083,2010,21000044,2010-11-01 20:00:00,Portland,Trail Blazers,Chicago,Bulls,Regular Season,0,0,17.0,5,0,0,0,0,0,0,0,5,-15,4,1,0.25,3,0,0.0,4,3,0.75,110,98,0
202083,2010,21000052,2010-11-02 20:00:00,Portland,Trail Blazers,Milwaukee,Bucks,Regular Season,0,1,27.0,18,4,5,4,1,0,0,3,4,18,15,7,0.467,8,2,0.25,2,2,1.0,76,90,0
202083,2010,21000067,2010-11-04 22:30:00,Portland,Trail Blazers,Oklahoma City,Thunder,Regular Season,1,0,19.0,13,2,1,1,0,0,2,0,0,0,8,4,0.5,1,0,0.0,7,5,0.714,106,107,0
202083,2010,21000087,2010-11-06 22:00:00,Portland,Trail Blazers,Toronto,Raptors,Regular Season,1,1,13.0,4,0,0,0,0,0,0,1,3,-23,7,2,0.286,4,0,0.0,0,0,0.0,97,84,0
202083,2010,21000094,2010-11-07 21:30:00,Portland,Trail Blazers,Los Angeles,Lakers,Regular Season,0,0,22.0,4,2,1,0,1,0,0,3,3,-12,5,1,0.2,2,0,0.0,2,2,1.0,121,96,0
202083,2010,21000106,2010-11-09 22:00:00,Portland,Trail Blazers,Detroit,Pistons,Regular Season,1,1,22.0,9,1,2,2,0,0,1,2,0,7,8,3,0.375,3,1,0.333,2,2,1.0,100,78,0
202083,2010,21000128,2010-11-12 21:30:00,Portland,Trail Blazers,Oklahoma City,Thunder,Regular Season,0,0,13.0,7,0,0,0,0,0,0,2,0,6,5,2,0.4,2,0,0.0,3,3,1.0,110,108,0
202083,2010,21000136,2010-11-13 20:00:00,Portland,Trail Blazers,New Orleans,Hornets,Regular Season,0,0,24.0,14,0,5,3,2,1,1,1,3,-12,8,4,0.5,2,1,0.5,5,5,1.0,107,87,0
202083,2010,21000154,2010-11-16 20:00:00,Portland,Trail Blazers,Memphis,Grizzlies,Regular Season,0,1,42.0,30,3,3,2,1,1,2,3,2,4,19,11,0.579,10,5,0.5,4,3,0.75,99,100,0
202083,2010,21000170,2010-11-18 22:30:00,Portland,Trail Blazers,Denver,Nuggets,Regular Season,1,1,40.0,20,2,10,9,1,2,1,1,2,9,18,8,0.444,8,3,0.375,4,1,0.25,86,83,0
202083,2010,21000189,2010-11-20 22:00:00,Portland,Trail Blazers,Utah,Jazz,Regular Season,1,0,32.0,16,1,2,0,2,0,2,0,3,-10,16,6,0.375,6,0,0.0,5,4,0.8,94,103,0
202083,2010,21000233,2010-11-26 22:00:00,Portland,Trail Blazers,New Orleans,Hornets,Regular Season,1,0,20.0,4,1,1,1,0,0,0,0,3,-12,6,1,0.167,2,1,0.5,2,1,0.5,78,97,0
202083,2010,21000246,2010-11-28 19:00:00,Portland,Trail Blazers,New Jersey,Nets,Regular Season,0,0,34.0,25,1,4,4,0,0,2,1,5,5,14,9,0.643,6,5,0.833,2,2,1.0,98,96,0
202083,2010,21000256,2010-11-30 19:00:00,Portland,Trail Blazers,Philadelphia,76ers,Regular Season,0,0,36.0,26,0,4,3,1,0,1,4,2,-2,16,9,0.563,6,2,0.333,8,6,0.75,88,79,0
202083,2010,21000264,2010-12-01 19:30:00,Portland,Trail Blazers,Boston,Celtics,Regular Season,0,0,37.0,23,0,0,0,0,0,2,3,4,-4,13,8,0.615,7,5,0.714,2,2,1.0,99,95,0
202083,2010,21000277,2010-12-03 19:00:00,Portland,Trail Blazers,Washington,Wizards,Regular Season,0,0,27.0,5,1,7,6,1,0,1,1,3,-1,9,2,0.222,4,1,0.25,0,0,0.0,83,79,0
202083,2010,21000301,2010-12-05 21:00:00,Portland,Trail Blazers,Los Angeles,Clippers,Regular Season,1,1,35.0,26,1,2,1,1,0,2,3,3,9,19,10,0.526,3,1,0.333,5,5,1.0,100,91,0
202083,2010,21000314,2010-12-07 22:00:00,Portland,Trail Blazers,Phoenix,Suns,Regular Season,1,1,36.0,24,2,3,3,0,0,2,0,2,10,15,7,0.467,8,3,0.375,8,7,0.875,106,99,0
202083,2010,21000329,2010-12-09 22:30:00,Portland,Trail Blazers,Orlando,Magic,Regular Season,1,1,33.0,20,2,3,3,0,0,3,1,0,14,12,6,0.5,4,2,0.5,6,6,1.0,97,83,0
202083,2010,21000338,2010-12-10 21:00:00,Portland,Trail Blazers,Phoenix,Suns,Regular Season,0,1,39.0,16,4,2,2,0,0,4,2,1,7,10,5,0.5,3,2,0.667,4,4,1.0,94,101,0
202083,2010,21000353,2010-12-12 15:30:00,Portland,Trail Blazers,San Antonio,Spurs,Regular Season,0,0,33.0,17,2,2,1,1,1,1,2,1,-11,16,7,0.438,3,2,0.667,2,1,0.5,95,78,0
202083,2010,21000357,2010-12-13 20:00:00,Portland,Trail Blazers,Memphis,Grizzlies,Regular Season,0,0,42.0,18,1,4,4,0,0,2,1,2,-13,15,8,0.533,6,2,0.333,1,0,0.0,86,73,0
202083,2010,21000377,2010-12-15 21:30:00,Portland,Trail Blazers,Dallas,Mavericks,Regular Season,0,0,31.0,17,2,0,0,0,0,0,0,3,-3,13,7,0.538,4,2,0.5,1,1,1.0,103,98,0
202083,2010,21000391,2010-12-17 22:00:00,Portland,Trail Blazers,Minnesota,Timberwolves,Regular Season,1,1,42.0,21,4,5,4,1,1,3,3,3,4,18,8,0.444,8,2,0.25,3,3,1.0,107,102,0
202083,2010,21000399,2010-12-18 22:00:00,Portland,Trail Blazers,Golden State,Warriors,Regular Season,1,1,44.0,13,2,7,7,0,0,0,2,2,-1,12,5,0.417,5,2,0.4,1,1,1.0,96,95,0
202083,2010,21000412,2010-12-20 22:00:00,Portland,Trail Blazers,Milwaukee,Bucks,Regular Season,1,1,28.0,22,1,6,5,1,1,0,2,5,25,12,6,0.5,6,3,0.5,8,7,0.875,106,80,0
202083,2010,21000437,2010-12-25 22:30:00,Portland,Trail Blazers,Golden State,Warriors,Regular Season,0,0,38.0,25,1,3,2,1,0,2,5,4,-4,19,9,0.474,6,1,0.167,6,6,1.0,109,102,0
202083,2010,21000452,2010-12-27 21:00:00,Portland,Trail Blazers,Utah,Jazz,Regular Season,0,1,39.0,14,3,8,6,2,0,1,5,4,11,14,4,0.286,5,1,0.2,6,5,0.833,91,96,0
202083,2010,21000461,2010-12-28 21:00:00,Portland,Trail Blazers,Denver,Nuggets,Regular Season,0,0,31.0,6,1,1,1,0,0,1,1,2,-16,8,1,0.125,2,1,0.5,3,3,1.0,95,77,0
202083,2010,21000475,2010-12-30 22:00:00,Portland,Trail Blazers,Utah,Jazz,Regular Season,1,1,39.0,30,3,3,3,0,0,4,2,2,18,16,9,0.563,10,4,0.4,9,8,0.889,100,89,0
202083,2010,21000496,2011-01-02 21:00:00,Portland,Trail Blazers,Houston,Rockets,Regular Season,1,1,32.0,14,3,4,2,2,0,0,2,4,7,12,3,0.25,3,1,0.333,7,7,1.0,100,85,0
202083,2010,21000509,2011-01-04 20:30:00,Portland,Trail Blazers,Dallas,Mavericks,Regular Season,0,0,41.0,10,2,2,2,0,0,1,1,2,-1,11,3,0.273,4,2,0.5,4,2,0.5,84,81,0
202083,2010,21000519,2011-01-05 20:30:00,Portland,Trail Blazers,Houston,Rockets,Regular Season,0,1,29.0,9,2,1,1,0,0,1,1,2,-15,12,4,0.333,2,0,0.0,2,1,0.5,100,103,0
202083,2010,21000531,2011-01-07 20:00:00,Portland,Trail Blazers,Minnesota,Timberwolves,Regular Season,0,1,40.0,36,1,5,5,0,0,1,1,2,9,18,10,0.556,10,7,0.7,9,9,1.0,98,108,0
202083,2010,21000549,2011-01-09 21:00:00,Portland,Trail Blazers,Miami,Heat,Regular Season,1,0,45.0,14,5,3,2,1,0,1,3,1,-9,20,6,0.3,10,2,0.2,0,0,0.0,100,107,0
202083,2010,21000559,2011-01-11 22:00:00,Portland,Trail Blazers,New York,Knicks,Regular Season,1,0,31.0,10,0,4,2,2,0,0,1,0,1,13,2,0.154,2,0,0.0,7,6,0.857,86,100,0
202083,2010,21000584,2011-01-14 22:30:00,Portland,Trail Blazers,Phoenix,Suns,Regular Season,0,0,39.0,26,2,0,0,0,0,1,0,4,-3,20,9,0.45,10,5,0.5,6,3,0.5,115,111,0
202083,2010,21000595,2011-01-15 22:00:00,Portland,Trail Blazers,New Jersey,Nets,Regular Season,1,1,37.0,10,3,6,6,0,0,3,2,2,11,9,4,0.444,3,1,0.333,2,1,0.5,96,89,0
202083,2010,21000609,2011-01-17 22:00:00,Portland,Trail Blazers,Minnesota,Timberwolves,Regular Season,1,1,34.0,23,0,1,1,0,0,0,1,3,1,11,6,0.545,6,3,0.5,9,8,0.889,113,102,0
202083,2010,21000623,2011-01-19 22:00:00,Portland,Trail Blazers,Sacramento,Kings,Regular Season,0,1,36.0,4,4,1,1,0,0,3,1,1,-7,7,1,0.143,3,0,0.0,2,2,1.0,90,94,0
202083,2010,21000628,2011-01-20 22:30:00,Portland,Trail Blazers,Los Angeles,Clippers,Regular Season,1,1,40.0,28,5,3,3,0,0,3,0,2,11,18,10,0.556,8,4,0.5,4,4,1.0,108,93,0
202083,2010,21000650,2011-01-22 22:00:00,Portland,Trail Blazers,Indiana,Pacers,Regular Season,1,1,42.0,19,9,3,3,0,0,1,2,4,7,14,6,0.429,3,1,0.333,7,6,0.857,97,92,0
202083,2010,21000661,2011-01-24 22:00:00,Portland,Trail Blazers,Sacramento,Kings,Regular Season,1,0,40.0,21,3,0,0,0,0,1,3,2,-7,20,9,0.45,3,2,0.667,3,1,0.333,81,96,0
202083,2010,21000680,2011-01-27 22:30:00,Portland,Trail Blazers,Boston,Celtics,Regular Season,1,0,38.0,12,1,7,5,2,0,2,2,4,-10,15,4,0.267,5,2,0.4,2,2,1.0,78,88,0
202083,2010,21000716,2011-02-01 22:00:00,Portland,Trail Blazers,San Antonio,Spurs,Regular Season,1,1,39.0,21,0,1,1,0,0,0,2,4,15,16,8,0.5,3,1,0.333,5,4,0.8,99,86,0
202083,2010,21000726,2011-02-02 21:00:00,Portland,Trail Blazers,Denver,Nuggets,Regular Season,0,0,27.0,19,2,4,4,0,0,3,1,3,-9,8,6,0.75,5,3,0.6,5,4,0.8,109,90,0
202083,2010,21000734,2011-02-04 19:00:00,Portland,Trail Blazers,Indiana,Pacers,Regular Season,0,0,35.0,12,3,1,1,0,0,0,2,4,-15,13,5,0.385,3,1,0.333,2,1,0.5,100,87,0
202083,2010,21000747,2011-02-05 19:30:00,Portland,Trail Blazers,Cleveland,Cavaliers,Regular Season,0,1,44.0,31,3,4,4,0,0,2,2,2,8,17,11,0.647,7,5,0.714,4,4,1.0,105,111,0
202083,2010,21000763,2011-02-07 22:00:00,Portland,Trail Blazers,Chicago,Bulls,Regular Season,1,1,45.0,6,2,4,2,2,0,1,3,2,9,12,3,0.25,2,0,0.0,0,0,0.0,109,103,0
202083,2010,21000790,2011-02-11 19:00:00,Portland,Trail Blazers,Toronto,Raptors,Regular Season,0,1,37.0,6,3,2,1,1,0,2,5,3,8,7,1,0.143,3,0,0.0,6,4,0.667,96,102,0
202083,2010,21000807,2011-02-13 18:00:00,Portland,Trail Blazers,Detroit,Pistons,Regular Season,0,1,43.0,26,5,7,6,1,1,1,3,3,3,11,7,0.636,5,4,0.8,8,8,1.0,100,105,0
202083,2010,21000816,2011-02-14 20:00:00,Portland,Trail Blazers,Minnesota,Timberwolves,Regular Season,0,1,41.0,23,2,7,5,2,0,2,0,0,20,18,8,0.444,6,3,0.5,6,4,0.667,81,95,0
202083,2010,21000835,2011-02-16 22:00:00,Portland,Trail Blazers,New Orleans,Hornets,Regular Season,1,1,44.0,24,2,8,8,0,0,0,1,3,8,13,8,0.615,5,2,0.4,7,6,0.857,103,96,0
202083,2010,21000858,2011-02-23 22:30:00,Portland,Trail Blazers,Los Angeles,Lakers,Regular Season,1,0,44.0,22,2,0,0,0,0,2,2,6,-16,18,9,0.5,6,2,0.333,2,2,1.0,101,106,0
202083,2010,21000872,2011-02-25 22:30:00,Portland,Trail Blazers,Denver,Nuggets,Regular Season,1,1,49.0,16,2,7,5,2,0,1,1,3,-3,15,7,0.467,4,1,0.25,2,1,0.5,107,106,0
202083,2010,21000888,2011-02-27 22:30:00,Portland,Trail Blazers,Atlanta,Hawks,Regular Season,1,0,35.0,12,3,2,2,0,0,3,3,3,-11,10,4,0.4,4,1,0.25,3,3,1.0,83,90,0
202083,2010,21000901,2011-03-01 22:00:00,Portland,Trail Blazers,Houston,Rockets,Regular Season,1,0,37.0,9,1,2,1,1,0,0,2,1,-16,10,2,0.2,4,1,0.25,4,4,1.0,87,103,0
202083,2010,21000910,2011-03-02 22:00:00,Portland,Trail Blazers,Sacramento,Kings,Regular Season,0,1,44.0,21,5,3,3,0,0,3,3,2,5,12,8,0.667,4,1,0.25,4,4,1.0,102,107,0
202083,2010,21000929,2011-03-05 22:00:00,Portland,Trail Blazers,Charlotte,Bobcats,Regular Season,1,1,21.0,5,3,3,2,1,0,1,0,1,13,6,1,0.167,2,1,0.5,2,2,1.0,93,69,0
202083,2010,21000941,2011-03-07 19:00:00,Portland,Trail Blazers,Orlando,Magic,Regular Season,0,1,32.0,13,2,0,0,0,0,1,0,2,4,8,4,0.5,4,2,0.5,3,3,1.0,85,89,0
202083,2010,21000951,2011-03-08 19:30:00,Portland,Trail Blazers,Miami,Heat,Regular Season,0,1,30.0,10,5,3,3,0,0,0,2,4,2,7,3,0.429,3,2,0.667,2,2,1.0,96,105,0
202083,2010,21000967,2011-03-11 19:00:00,Portland,Trail Blazers,Charlotte,Bobcats,Regular Season,0,0,30.0,20,2,1,1,0,0,3,2,3,-3,11,7,0.636,6,3,0.5,4,3,0.75,97,92,0
202083,2010,21000977,2011-03-12 19:00:00,Portland,Trail Blazers,Atlanta,Hawks,Regular Season,0,0,31.0,19,1,3,2,1,0,1,3,2,-4,12,7,0.583,6,3,0.5,4,2,0.5,91,82,0
202083,2010,21001002,2011-03-15 22:00:00,Portland,Trail Blazers,Dallas,Mavericks,Regular Season,1,1,32.0,18,3,4,4,0,0,1,1,2,8,7,5,0.714,4,4,1.0,4,4,1.0,104,101,0
202083,2010,21001016,2011-03-17 22:00:00,Portland,Trail Blazers,Cleveland,Cavaliers,Regular Season,1,1,31.0,14,4,7,7,0,0,0,2,3,27,10,5,0.5,7,4,0.571,2,0,0.0,111,70,0
202083,2010,21001034,2011-03-19 22:00:00,Portland,Trail Blazers,Philadelphia,76ers,Regular Season,1,1,37.0,28,0,6,6,0,0,1,2,2,10,15,9,0.6,9,6,0.667,4,4,1.0,110,101,0
202083,2010,21001043,2011-03-20 21:30:00,Portland,Trail Blazers,Los Angeles,Lakers,Regular Season,0,0,19.0,0,1,2,1,1,0,0,1,1,-3,4,0,0.0,2,0,0.0,0,0,0.0,84,80,0
202083,2010,21001052,2011-03-22 22:00:00,Portland,Trail Blazers,Washington,Wizards,Regular Season,1,1,38.0,15,3,2,1,1,0,4,2,6,27,15,5,0.333,6,2,0.333,4,3,0.75,111,76,0
202083,2010,21001078,2011-03-25 22:00:00,Portland,Trail Blazers,San Antonio,Spurs,Regular Season,1,1,37.0,15,0,0,0,0,0,2,1,1,16,14,6,0.429,5,1,0.2,2,2,1.0,98,96,0
202083,2010,21001092,2011-03-27 20:00:00,Portland,Trail Blazers,Oklahoma City,Thunder,Regular Season,0,0,29.0,4,2,2,1,1,0,1,1,1,-8,9,2,0.222,4,0,0.0,1,0,0.0,99,90,0
202083,2010,21001099,2011-03-28 20:30:00,Portland,Trail Blazers,San Antonio,Spurs,Regular Season,0,1,27.0,19,0,5,3,2,0,1,1,1,16,8,4,0.5,3,1,0.333,12,10,0.833,92,100,0
202083,2010,21001114,2011-03-30 20:00:00,Portland,Trail Blazers,New Orleans,Hornets,Regular Season,0,0,32.0,7,1,2,1,1,0,0,1,4,-5,7,3,0.429,2,1,0.5,0,0,0.0,95,91,0
202083,2010,21001130,2011-04-01 22:00:00,Portland,Trail Blazers,Oklahoma City,Thunder,Regular Season,1,1,22.0,7,1,3,2,1,0,1,0,1,5,9,2,0.222,1,1,1.0,2,2,1.0,98,91,0
202083,2010,21001148,2011-04-03 21:00:00,Portland,Trail Blazers,Dallas,Mavericks,Regular Season,1,1,28.0,16,2,1,1,0,0,2,2,2,3,7,4,0.571,2,0,0.0,8,8,1.0,104,96,0
202083,2010,21001160,2011-04-05 22:00:00,Portland,Trail Blazers,Golden State,Warriors,Regular Season,1,0,29.0,17,3,3,3,0,0,1,2,0,-10,11,6,0.545,5,1,0.2,5,4,0.8,87,108,0
202083,2010,21001175,2011-04-07 22:30:00,Portland,Trail Blazers,Utah,Jazz,Regular Season,0,1,32.0,18,2,7,6,1,0,1,0,1,12,7,4,0.571,4,2,0.5,8,8,1.0,87,98,0
202083,2010,21001187,2011-04-08 22:00:00,Portland,Trail Blazers,Los Angeles,Lakers,Regular Season,1,1,32.0,18,2,2,2,0,1,0,0,3,29,11,7,0.636,5,2,0.4,2,2,1.0,93,86,0
202083,2010,21001214,2011-04-12 22:00:00,Portland,Trail Blazers,Memphis,Grizzlies,Regular Season,1,1,29.0,13,0,3,1,2,0,2,1,1,7,16,5,0.313,4,3,0.75,0,0,0.0,102,89,0
202083,2010,21001227,2011-04-13 22:30:00,Portland,Trail Blazers,Golden State,Warriors,Regular Season,0,0,24.0,18,1,1,1,0,0,0,4,0,-12,9,5,0.556,7,4,0.571,4,4,1.0,110,86,0
202083,2010,41000161,2011-04-16 21:30:00,Portland,Trail Blazers,Dallas,Mavericks,Playoffs,0,0,19.0,2,0,1,1,0,0,1,3,2,-7,3,1,0.333,1,0,0.0,0,0,0.0,89,81,0
202083,2010,41000162,2011-04-19 21:30:00,Portland,Trail Blazers,Dallas,Mavericks,Playoffs,0,0,36.0,13,0,1,0,1,1,0,3,4,-4,11,6,0.545,2,1,0.5,0,0,0.0,101,89,0
202083,2010,41000163,2011-04-21 22:30:00,Portland,Trail Blazers,Dallas,Mavericks,Playoffs,1,1,36.0,25,3,2,2,0,0,2,0,2,5,12,8,0.667,6,4,0.667,6,5,0.833,97,92,0
202083,2010,41000164,2011-04-23 17:00:00,Portland,Trail Blazers,Dallas,Mavericks,Playoffs,1,1,36.0,11,2,1,0,1,0,1,0,3,-3,10,4,0.4,3,1,0.333,2,2,1.0,84,82,0
202083,2010,41000165,2011-04-25 20:30:00,Portland,Trail Blazers,Dallas,Mavericks,Playoffs,0,0,36.0,8,0,0,0,0,0,0,1,4,-7,7,3,0.429,2,0,0.0,4,2,0.5,93,82,0
202083,2010,41000166,2011-04-28 22:30:00,Portland,Trail Blazers,Dallas,Mavericks,Playoffs,1,0,37.0,19,1,2,2,0,0,0,0,0,-10,14,5,0.357,7,2,0.286,7,7,1.0,96,103,0
202083,2011,11100013,2011-12-19 22:00:00,Portland,Trail Blazers,Utah,Jazz,Preseason,1,1,23.0,17,1,4,3,1,0,2,1,3,0,10,7,0.699,4,1,0.25,2,2,1.0,110,90,0
202083,2011,11100023,2011-12-21 21:00:00,Portland,Trail Blazers,Utah,Jazz,Preseason,0,0,32.0,15,1,0,0,0,0,1,2,3,0,7,4,0.57,5,3,0.599,5,4,0.8,92,89,0
202083,2011,21100016,2011-12-26 22:00:00,Portland,Trail Blazers,Philadelphia,76ers,Regular Season,1,1,40.0,16,0,6,4,2,1,1,1,2,8,14,4,0.286,6,3,0.5,6,5,0.833,107,103,0
202083,2011,21100021,2011-12-27 22:00:00,Portland,Trail Blazers,Sacramento,Kings,Regular Season,1,1,22.0,8,2,5,4,1,1,0,1,2,16,14,4,0.286,5,0,0.0,0,0,0.0,101,79,0
202083,2011,21100037,2011-12-29 22:00:00,Portland,Trail Blazers,Denver,Nuggets,Regular Season,1,1,39.0,25,2,5,4,1,0,1,3,3,17,15,9,0.6,8,5,0.625,2,2,1.0,111,102,0
202083,2011,21100065,2012-01-01 21:30:00,Portland,Trail Blazers,Los Angeles,Clippers,Regular Season,0,0,30.0,12,0,4,3,1,0,1,0,4,-20,10,4,0.4,2,1,0.5,3,3,1.0,93,88,0
202083,2011,21100079,2012-01-03 20:00:00,Portland,Trail Blazers,Oklahoma City,Thunder,Regular Season,0,1,38.0,16,2,6,5,1,1,4,3,1,7,12,7,0.583,2,0,0.0,3,2,0.667,93,103,0
202083,2011,21100097,2012-01-05 22:30:00,Portland,Trail Blazers,Los Angeles,Lakers,Regular Season,1,1,29.0,16,2,1,0,1,0,0,0,3,6,11,6,0.545,4,3,0.75,1,1,1.0,107,96,0
202083,2011,21100108,2012-01-06 22:30:00,Portland,Trail Blazers,Phoenix,Suns,Regular Season,0,0,23.0,8,0,1,1,0,0,2,3,1,-16,4,2,0.5,3,1,0.333,3,3,1.0,102,77,0
202083,2011,21100124,2012-01-08 21:00:00,Portland,Trail Blazers,Cleveland,Cavaliers,Regular Season,1,1,33.0,24,3,2,2,0,0,1,0,1,16,17,8,0.471,9,3,0.333,6,5,0.833,98,78,0
202083,2011,21100140,2012-01-10 22:00:00,Portland,Trail Blazers,Los Angeles,Clippers,Regular Season,1,1,39.0,18,1,3,1,2,0,1,1,4,16,7,5,0.714,3,1,0.333,7,7,1.0,105,97,0
202083,2011,21100152,2012-01-11 22:00:00,Portland,Trail Blazers,Orlando,Magic,Regular Season,1,0,36.0,17,0,1,1,0,0,2,1,1,2,13,7,0.538,7,2,0.286,2,1,0.5,104,107,0
202083,2011,21100166,2012-01-13 20:30:00,Portland,Trail Blazers,San Antonio,Spurs,Regular Season,0,0,33.0,12,2,3,2,1,0,2,2,3,-15,11,5,0.455,3,1,0.333,2,1,0.5,99,83,0
202083,2011,21100176,2012-01-14 20:00:00,Portland,Trail Blazers,Houston,Rockets,Regular Season,0,0,34.0,5,0,2,2,0,0,1,0,3,-13,8,2,0.25,4,1,0.25,0,0,0.0,107,105,0
202083,2011,21100190,2012-01-16 15:00:00,Portland,Trail Blazers,New Orleans,Hornets,Regular Season,0,1,36.0,10,1,2,2,0,0,0,0,0,7,10,4,0.4,5,2,0.4,1,0,0.0,77,84,0
202083,2011,21100208,2012-01-18 20:00:00,Portland,Trail Blazers,Atlanta,Hawks,Regular Season,0,0,26.0,10,2,3,2,1,0,5,2,4,8,13,2,0.154,7,1,0.143,5,5,1.0,92,89,0
202083,2011,21100216,2012-01-20 19:00:00,Portland,Trail Blazers,Toronto,Raptors,Regular Season,0,1,34.0,8,2,2,2,0,0,1,2,4,3,9,2,0.222,3,2,0.667,2,2,1.0,84,94,0
202083,2011,21100230,2012-01-21 19:30:00,Portland,Trail Blazers,Detroit,Pistons,Regular Season,0,0,35.0,8,2,6,4,2,0,2,0,3,-12,10,3,0.3,5,1,0.2,2,1,0.5,94,91,0
202083,2011,21100250,2012-01-23 22:00:00,Portland,Trail Blazers,Sacramento,Kings,Regular Season,1,1,29.0,14,2,4,4,0,0,0,1,1,14,14,5,0.357,6,2,0.333,2,2,1.0,101,89,0
202083,2011,21100256,2012-01-24 22:00:00,Portland,Trail Blazers,Memphis,Grizzlies,Regular Season,1,1,31.0,13,1,1,1,0,0,0,0,2,26,9,3,0.333,6,1,0.167,6,6,1.0,97,84,0
202083,2011,21100269,2012-01-25 22:30:00,Portland,Trail Blazers,Golden State,Warriors,Regular Season,0,0,30.0,15,2,2,1,1,0,0,0,0,-11,9,5,0.556,4,3,0.75,2,2,1.0,101,93,0
202083,2011,21100283,2012-01-27 22:00:00,Portland,Trail Blazers,Phoenix,Suns,Regular Season,1,1,29.0,16,4,4,4,0,1,0,1,0,30,13,6,0.462,7,4,0.571,0,0,0.0,109,71,0
202083,2011,21100305,2012-01-30 21:00:00,Portland,Trail Blazers,Utah,Jazz,Regular Season,0,0,25.0,6,1,2,2,0,0,0,0,5,6,12,3,0.25,5,0,0.0,0,0,0.0,93,89,0
202083,2011,21100324,2012-02-01 22:00:00,Portland,Trail Blazers,Charlotte,Bobcats,Regular Season,1,1,32.0,6,6,5,3,2,1,3,0,1,37,6,3,0.5,1,0,0.0,0,0,0.0,112,68,0
202083,2011,21100329,2012-02-02 22:00:00,Portland,Trail Blazers,Sacramento,Kings,Regular Season,0,0,38.0,9,1,2,0,2,0,3,0,4,-4,12,4,0.333,4,1,0.25,0,0,0.0,95,92,0
202083,2011,21100354,2012-02-04 22:00:00,Portland,Trail Blazers,Denver,Nuggets,Regular Season,1,1,29.0,11,5,2,2,0,0,1,0,1,29,8,4,0.5,4,2,0.5,2,1,0.5,117,97,0
202083,2011,21100366,2012-02-06 22:00:00,Portland,Trail Blazers,Oklahoma City,Thunder,Regular Season,1,0,36.0,18,4,3,2,1,0,2,3,1,-1,9,6,0.667,5,2,0.4,5,4,0.8,107,111,0
202083,2011,21100383,2012-02-08 22:00:00,Portland,Trail Blazers,Houston,Rockets,Regular Season,1,0,36.0,17,1,2,1,1,0,2,1,3,-5,10,4,0.4,5,1,0.2,8,8,1.0,96,103,0
202083,2011,21100397,2012-02-10 20:00:00,Portland,Trail Blazers,New Orleans,Hornets,Regular Season,0,1,31.0,4,2,3,2,1,1,2,3,3,-11,6,2,0.333,2,0,0.0,0,0,0.0,86,94,0
202083,2011,21100405,2012-02-11 20:30:00,Portland,Trail Blazers,Dallas,Mavericks,Regular Season,0,0,33.0,9,1,6,6,0,0,2,0,1,-2,10,3,0.3,2,1,0.5,3,2,0.667,97,94,0
202083,2011,21100427,2012-02-14 22:00:00,Portland,Trail Blazers,Washington,Wizards,Regular Season,1,0,36.0,15,2,5,4,1,0,1,2,2,-18,13,6,0.462,6,3,0.5,0,0,0.0,109,124,0
202083,2011,21100440,2012-02-15 22:00:00,Portland,Trail Blazers,Golden State,Warriors,Regular Season,0,1,34.0,9,4,3,3,0,0,0,1,1,0,12,4,0.333,6,1,0.167,0,0,0.0,91,93,0
202083,2011,21100444,2012-02-16 22:30:00,Portland,Trail Blazers,Los Angeles,Clippers,Regular Season,1,0,34.0,16,0,5,2,3,0,2,2,3,-6,13,6,0.462,5,2,0.4,4,2,0.5,71,74,0
202083,2011,21100459,2012-02-18 22:00:00,Portland,Trail Blazers,Atlanta,Hawks,Regular Season,1,1,28.0,13,1,1,0,1,0,2,1,3,7,13,6,0.462,3,1,0.333,0,0,0.0,97,77,0
202083,2011,21100479,2012-02-20 22:30:00,Portland,Trail Blazers,Los Angeles,Lakers,Regular Season,0,0,26.0,9,1,3,2,1,0,0,1,4,-4,9,3,0.333,5,3,0.6,0,0,0.0,103,92,0
202083,2011,21100485,2012-02-21 22:00:00,Portland,Trail Blazers,San Antonio,Spurs,Regular Season,1,1,24.0,11,4,4,4,0,1,1,0,3,34,10,5,0.5,4,1,0.25,0,0,0.0,137,97,0
202083,2011,21100521,2012-02-29 21:00:00,Portland,Trail Blazers,Denver,Nuggets,Regular Season,0,0,27.0,11,2,3,3,0,0,0,2,4,3,11,4,0.364,5,1,0.2,3,2,0.667,104,95,0
202083,2011,21100527,2012-03-01 22:30:00,Portland,Trail Blazers,Miami,Heat,Regular Season,1,0,33.0,15,4,7,7,0,0,1,3,2,-6,6,4,0.667,3,2,0.667,5,5,1.0,93,107,0
202083,2011,21100545,2012-03-03 22:00:00,Portland,Trail Blazers,Minnesota,Timberwolves,Regular Season,1,0,23.0,8,1,0,0,0,0,0,1,3,-7,8,3,0.375,4,2,0.5,0,0,0.0,110,122,0
202083,2011,21100562,2012-03-05 22:00:00,Portland,Trail Blazers,New Orleans,Hornets,Regular Season,1,1,26.0,12,1,3,1,2,1,2,0,2,11,7,3,0.429,5,2,0.4,6,4,0.667,86,74,0
202083,2011,21100577,2012-03-07 20:00:00,Portland,Trail Blazers,Minnesota,Timberwolves,Regular Season,0,0,32.0,13,1,1,1,0,0,0,1,4,-2,12,6,0.5,5,0,0.0,1,1,1.0,106,94,0
202083,2011,21100586,2012-03-09 19:30:00,Portland,Trail Blazers,Boston,Celtics,Regular Season,0,0,28.0,10,1,3,1,2,0,0,2,1,-5,11,3,0.273,5,0,0.0,4,4,1.0,104,86,0
202083,2011,21100594,2012-03-10 19:00:00,Portland,Trail Blazers,Washington,Wizards,Regular Season,0,1,23.0,2,1,3,3,0,0,0,0,2,6,5,1,0.2,3,0,0.0,0,0,0.0,99,110,0
202083,2011,21100620,2012-03-13 19:00:00,Portland,Trail Blazers,Indiana,Pacers,Regular Season,0,0,37.0,9,1,2,2,0,1,1,0,2,-8,5,1,0.2,4,1,0.25,8,6,0.75,92,75,0
202083,2011,21100628,2012-03-14 19:30:00,Portland,Trail Blazers,New York,Knicks,Regular Season,0,0,25.0,8,1,0,0,0,0,3,2,3,-21,9,3,0.333,4,2,0.5,0,0,0.0,121,79,0
202083,2011,21100647,2012-03-16 20:00:00,Portland,Trail Blazers,Chicago,Bulls,Regular Season,0,1,33.0,18,1,2,1,1,0,0,2,2,7,11,6,0.545,5,4,0.8,3,2,0.667,89,100,0
202083,2011,21100668,2012-03-18 21:30:00,Portland,Trail Blazers,Oklahoma City,Thunder,Regular Season,0,0,34.0,16,1,1,0,1,0,4,0,3,-10,12,6,0.5,3,3,1.0,2,1,0.5,111,95,0
202083,2011,21100682,2012-03-20 22:00:00,Portland,Trail Blazers,Milwaukee,Bucks,Regular Season,1,0,35.0,21,1,9,7,2,1,2,2,2,-8,13,6,0.462,7,5,0.714,4,4,1.0,87,116,0
202083,2011,21100698,2012-03-22 22:00:00,Portland,Trail Blazers,Memphis,Grizzlies,Regular Season,1,1,38.0,18,1,9,8,1,1,3,2,1,2,12,5,0.417,8,4,0.5,4,4,1.0,97,93,0
202083,2011,21100709,2012-03-23 22:30:00,Portland,Trail Blazers,Los Angeles,Lakers,Regular Season,0,0,35.0,16,2,5,4,1,0,1,0,1,-11,14,5,0.357,8,4,0.5,2,2,1.0,103,96,0
202083,2011,21100725,2012-03-25 21:00:00,Portland,Trail Blazers,Golden State,Warriors,Regular Season,1,1,36.0,10,2,4,3,1,0,3,0,2,0,12,2,0.167,8,2,0.25,6,4,0.667,90,87,0
202083,2011,21100741,2012-03-27 22:00:00,Portland,Trail Blazers,Oklahoma City,Thunder,Regular Season,1,0,34.0,17,1,3,1,2,0,4,0,2,-9,13,5,0.385,4,2,0.5,5,5,1.0,95,109,0
202083,2011,21100755,2012-03-29 22:00:00,Portland,Trail Blazers,New Orleans,Hornets,Regular Season,1,1,41.0,18,2,0,0,0,2,0,0,2,11,15,7,0.467,7,3,0.429,2,1,0.5,99,93,0
202083,2011,21100767,2012-03-30 22:30:00,Portland,Trail Blazers,Los Angeles,Clippers,Regular Season,0,0,36.0,12,1,2,2,0,0,2,2,1,-14,13,5,0.385,3,0,0.0,2,2,1.0,98,97,0
202083,2011,21100783,2012-04-01 21:00:00,Portland,Trail Blazers,Minnesota,Timberwolves,Regular Season,1,1,36.0,18,1,3,2,1,0,1,1,3,9,14,7,0.5,8,2,0.25,2,2,1.0,119,106,0
202083,2011,21100790,2012-04-02 22:00:00,Portland,Trail Blazers,Utah,Jazz,Regular Season,1,0,40.0,33,3,1,1,0,0,2,2,3,-5,12,10,0.833,6,5,0.833,10,8,0.8,97,102,0
202083,2011,21100809,2012-04-04 22:00:00,Portland,Trail Blazers,New Jersey,Nets,Regular Season,1,1,35.0,7,4,3,3,0,0,2,0,3,36,9,1,0.111,3,1,0.333,4,4,1.0,101,88,0
202083,2011,21100821,2012-04-06 20:30:00,Portland,Trail Blazers,Dallas,Mavericks,Regular Season,0,1,36.0,9,1,3,2,1,0,2,1,5,13,11,4,0.364,5,1,0.2,0,0,0.0,97,99,0
202083,2011,21100831,2012-04-07 20:30:00,Portland,Trail Blazers,Milwaukee,Bucks,Regular Season,0,0,35.0,14,2,2,2,0,0,3,1,1,-12,12,4,0.333,7,2,0.286,4,4,1.0,116,94,0
202083,2011,21100851,2012-04-09 22:00:00,Portland,Trail Blazers,Houston,Rockets,Regular Season,1,0,35.0,7,0,7,5,2,0,0,1,1,5,12,3,0.25,6,1,0.167,0,0,0.0,89,94,0
202083,2011,21100868,2012-04-11 22:30:00,Portland,Trail Blazers,Golden State,Warriors,Regular Season,1,1,33.0,18,1,4,2,2,0,1,1,1,8,15,7,0.467,4,2,0.5,2,2,1.0,118,110,0
202083,2011,21100885,2012-04-13 22:30:00,Portland,Trail Blazers,Dallas,Mavericks,Regular Season,1,0,40.0,15,4,7,4,3,0,3,1,2,2,16,6,0.375,4,1,0.25,2,2,1.0,94,97,0
202083,2011,21100899,2012-04-15 18:00:00,Portland,Trail Blazers,Sacramento,Kings,Regular Season,0,0,38.0,31,3,3,2,1,1,1,4,2,-2,16,10,0.625,10,8,0.8,3,3,1.0,104,103,0
202083,2011,21100910,2012-04-16 22:00:00,Portland,Trail Blazers,Phoenix,Suns,Regular Season,0,0,39.0,19,0,4,2,2,1,2,2,2,-25,17,8,0.471,5,3,0.6,0,0,0.0,125,107,0
202083,2011,21100930,2012-04-18 22:00:00,Portland,Trail Blazers,Utah,Jazz,Regular Season,1,0,37.0,21,2,4,4,0,0,2,3,3,-21,15,7,0.467,7,3,0.429,4,4,1.0,91,112,0
202083,2011,21100947,2012-04-21 20:00:00,Portland,Trail Blazers,Memphis,Grizzlies,Regular Season,0,0,42.0,16,0,7,6,1,0,1,1,2,0,17,7,0.412,8,2,0.25,0,0,0.0,93,89,0
202083,2011,21100965,2012-04-23 20:30:00,Portland,Trail Blazers,San Antonio,Spurs,Regular Season,0,0,45.0,24,2,6,3,3,0,4,0,2,-31,24,9,0.375,6,3,0.5,3,3,1.0,124,89,0
202083,2011,21100988,2012-04-26 20:00:00,Portland,Trail Blazers,Utah,Jazz,Regular Season,0,0,44.0,14,2,4,4,0,0,1,1,2,-3,18,4,0.222,11,3,0.273,3,3,1.0,96,94,0
202083,2012,11200022,2012-10-10 22:00:00,Portland,Trail Blazers,Los Angeles,Lakers,Preseason,0,1,24.0,10,2,3,2,1,0,1,1,1,0,8,4,0.5,3,2,0.667,0,0,0.0,75,93,0
202083,2012,11200035,2012-10-12 22:00:00,Portland,Trail Blazers,Phoenix,Suns,Preseason,0,0,22.0,8,1,3,2,1,0,1,0,1,0,7,2,0.285,4,1,0.25,4,3,0.75,104,93,0
202083,2012,11200050,2012-10-15 22:00:00,Portland,Trail Blazers,Sacramento,Kings,Preseason,0,0,26.0,11,1,1,0,1,0,1,0,0,0,8,3,0.375,2,0,0.0,7,5,0.713,117,100,0
202083,2012,11200064,2012-10-17 22:00:00,Portland,Trail Blazers,Denver,Nuggets,Preseason,1,1,21.0,19,3,2,1,1,0,0,0,1,0,12,7,0.582,7,3,0.428,2,2,1.0,97,80,0
202083,2012,11200076,2012-10-19 22:00:00,Portland,Trail Blazers,Golden State,Warriors,Preseason,1,0,29.0,14,2,0,0,0,0,1,1,2,0,8,3,0.375,2,0,0.0,8,8,1.0,97,101,0
202083,2012,11200091,2012-10-22 22:00:00,Portland,Trail Blazers,Utah,Jazz,Preseason,1,1,31.0,15,5,3,3,0,0,1,4,2,0,10,6,0.599,2,0,0.0,4,3,0.75,120,114,0
202083,2012,11200107,2012-10-25 21:00:00,Portland,Trail Blazers,Utah,Jazz,Preseason,0,0,33.0,24,1,3,2,1,0,2,1,5,0,14,8,0.57,6,4,0.667,4,4,1.0,97,91,0
202083,2012,21200012,2012-10-31 22:30:00,Portland,Trail Blazers,Los Angeles,Lakers,Regular Season,1,1,36.0,22,2,2,2,0,0,4,0,5,5,11,7,0.636,6,4,0.667,6,4,0.667,116,106,0
202083,2012,21200022,2012-11-02 20:00:00,Portland,Trail Blazers,Oklahoma City,Thunder,Regular Season,0,0,35.0,17,0,3,3,0,0,0,1,3,1,15,5,0.333,9,4,0.444,5,3,0.6,106,92,0
202083,2012,21200032,2012-11-03 20:00:00,Portland,Trail Blazers,Houston,Rockets,Regular Season,0,1,42.0,16,5,5,5,0,0,2,1,4,12,18,7,0.389,7,2,0.286,0,0,0.0,85,95,0
202083,2012,21200046,2012-11-05 20:30:00,Portland,Trail Blazers,Dallas,Mavericks,Regular Season,0,0,36.0,20,0,3,1,2,0,1,5,1,-20,15,8,0.533,4,3,0.75,3,1,0.333,114,91,0
202083,2012,21200067,2012-11-08 22:30:00,Portland,Trail Blazers,Los Angeles,Clippers,Regular Season,1,0,37.0,10,4,2,1,1,0,3,3,3,-10,12,4,0.333,4,1,0.25,3,1,0.333,90,103,0
202083,2012,21200088,2012-11-10 22:00:00,Portland,Trail Blazers,San Antonio,Spurs,Regular Season,1,0,37.0,10,4,3,2,1,0,2,2,4,14,11,4,0.364,3,1,0.333,2,1,0.5,109,112,0
202083,2012,21200102,2012-11-12 22:00:00,Portland,Trail Blazers,Atlanta,Hawks,Regular Season,1,0,38.0,17,1,4,3,1,0,3,1,2,0,9,3,0.333,6,1,0.167,10,10,1.0,87,95,0
202083,2012,21200107,2012-11-13 22:00:00,Portland,Trail Blazers,Sacramento,Kings,Regular Season,0,1,36.0,18,1,4,3,1,1,1,1,2,24,9,6,0.667,3,2,0.667,4,4,1.0,86,103,0
202083,2012,21200129,2012-11-16 22:00:00,Portland,Trail Blazers,Houston,Rockets,Regular Season,1,1,43.0,15,5,5,4,1,0,0,2,5,-1,18,6,0.333,7,2,0.286,5,1,0.2,119,117,0
202083,2012,21200145,2012-11-18 21:00:00,Portland,Trail Blazers,Chicago,Bulls,Regular Season,1,1,38.0,21,2,3,2,1,1,2,2,0,7,15,9,0.6,5,2,0.4,1,1,1.0,102,94,0
202083,2012,21200168,2012-11-21 21:00:00,Portland,Trail Blazers,Phoenix,Suns,Regular Season,0,0,26.0,13,2,3,2,1,0,2,1,3,-11,11,4,0.364,4,1,0.25,5,4,0.8,114,87,0
202083,2012,21200182,2012-11-23 22:00:00,Portland,Trail Blazers,Minnesota,Timberwolves,Regular Season,1,1,39.0,30,3,0,0,0,0,4,2,3,15,17,12,0.706,6,5,0.833,2,1,0.5,103,95,0
202083,2012,21200193,2012-11-25 15:00:00,Portland,Trail Blazers,Brooklyn,Nets,Regular Season,0,0,37.0,20,3,3,3,0,0,3,2,1,-6,18,8,0.444,7,3,0.429,2,1,0.5,98,85,0
202083,2012,21200198,2012-11-26 19:30:00,Portland,Trail Blazers,Detroit,Pistons,Regular Season,0,0,36.0,19,3,2,2,0,2,3,1,4,-1,12,5,0.417,7,3,0.429,9,6,0.667,108,101,0
202083,2012,21200209,2012-11-28 19:00:00,Portland,Trail Blazers,Washington,Wizards,Regular Season,0,0,34.0,6,1,2,1,1,0,2,0,2,-11,10,2,0.2,8,1,0.125,2,1,0.5,84,82,0
202083,2012,21200225,2012-11-30 19:30:00,Portland,Trail Blazers,Boston,Celtics,Regular Season,0,0,31.0,5,0,3,3,0,0,0,0,3,-13,6,2,0.333,1,0,0.0,1,1,1.0,96,78,0
202083,2012,21200234,2012-12-01 19:30:00,Portland,Trail Blazers,Cleveland,Cavaliers,Regular Season,0,1,44.0,11,10,4,3,1,1,0,1,1,7,12,3,0.25,5,1,0.2,4,4,1.0,117,118,0
202083,2012,21200245,2012-12-03 19:00:00,Portland,Trail Blazers,Charlotte,Bobcats,Regular Season,0,1,45.0,19,3,7,5,2,1,2,1,3,9,15,6,0.4,9,3,0.333,4,4,1.0,112,118,0
202083,2012,21200258,2012-12-05 19:00:00,Portland,Trail Blazers,Indiana,Pacers,Regular Season,0,0,38.0,19,3,4,3,1,0,1,2,1,5,13,5,0.385,9,3,0.333,7,6,0.857,99,92,0
202083,2012,21200291,2012-12-08 22:00:00,Portland,Trail Blazers,Sacramento,Kings,Regular Season,1,0,28.0,14,0,1,1,0,0,0,2,2,-11,11,5,0.455,3,2,0.667,2,2,1.0,80,99,0
202083,2012,21200303,2012-12-10 22:00:00,Portland,Trail Blazers,Toronto,Raptors,Regular Season,1,1,0.0,0,0,0,0,0,0,0,0,0,0,0,0,0.0,0,0,0.0,0,0,0.0,92,74,0
202083,2012,21200349,2012-12-16 21:00:00,Portland,Trail Blazers,New Orleans,Hornets,Regular Season,1,1,3.0,3,0,0,0,0,0,0,0,0,4,1,1,1.0,1,1,1.0,0,0,0.0,95,94,0
202083,2012,21200379,2012-12-20 22:00:00,Portland,Trail Blazers,Denver,Nuggets,Regular Season,1,1,38.0,20,4,3,3,0,1,1,1,3,6,19,7,0.368,9,4,0.444,2,2,1.0,101,93,0
202083,2012,21200397,2012-12-22 22:00:00,Portland,Trail Blazers,Phoenix,Suns,Regular Season,1,1,9.0,0,0,0,0,0,0,0,1,0,2,2,0,0.0,1,0,0.0,0,0,0.0,96,93,0
202083,2012,21200404,2012-12-23 21:00:00,Portland,Trail Blazers,Sacramento,Kings,Regular Season,0,0,0.0,0,0,0,0,0,0,0,0,0,0,0,0,0.0,0,0,0.0,0,0,0.0,108,96,0
202083,2012,21200459,2013-01-01 19:30:00,Portland,Trail Blazers,New York,Knicks,Regular Season,0,1,29.0,8,2,3,3,0,0,1,2,5,1,6,3,0.5,3,0,0.0,2,2,1.0,100,105,0
202083,2012,21200464,2013-01-02 19:00:00,Portland,Trail Blazers,Toronto,Raptors,Regular Season,0,0,27.0,12,2,0,0,0,0,1,4,1,-18,7,4,0.571,4,2,0.5,3,2,0.667,102,79,0
202083,2012,21200484,2013-01-04 20:00:00,Portland,Trail Blazers,Memphis,Grizzlies,Regular Season,0,1,39.0,21,4,2,2,0,0,3,2,2,7,14,8,0.571,8,5,0.625,0,0,0.0,84,86,0
202083,2012,21200494,2013-01-05 20:00:00,Portland,Trail Blazers,Minnesota,Timberwolves,Regular Season,0,1,35.0,26,2,0,0,0,1,0,2,2,7,15,8,0.533,7,5,0.714,5,5,1.0,97,102,0
202083,2012,21200510,2013-01-07 22:00:00,Portland,Trail Blazers,Orlando,Magic,Regular Season,1,1,42.0,24,4,3,3,0,2,1,0,5,9,11,7,0.636,7,4,0.571,8,6,0.75,125,119,0
202083,2012,21200529,2013-01-10 22:30:00,Portland,Trail Blazers,Miami,Heat,Regular Season,1,1,40.0,18,2,4,3,1,0,2,1,3,15,18,7,0.389,8,3,0.375,1,1,1.0,92,90,0
202083,2012,21200540,2013-01-11 22:30:00,Portland,Trail Blazers,Golden State,Warriors,Regular Season,0,0,35.0,10,2,9,6,3,0,0,3,2,-2,15,3,0.2,11,2,0.182,2,2,1.0,103,97,0
202083,2012,21200554,2013-01-13 21:00:00,Portland,Trail Blazers,Oklahoma City,Thunder,Regular Season,1,0,39.0,7,4,1,0,1,1,1,2,4,-1,8,2,0.25,2,1,0.5,2,2,1.0,83,87,0
202083,2012,21200568,2013-01-15 21:00:00,Portland,Trail Blazers,Denver,Nuggets,Regular Season,0,0,43.0,14,2,5,5,0,0,2,3,4,-10,13,6,0.462,7,2,0.286,0,0,0.0,115,111,0
202083,2012,21200578,2013-01-16 22:00:00,Portland,Trail Blazers,Cleveland,Cavaliers,Regular Season,1,0,36.0,17,3,6,5,1,0,0,3,5,0,13,6,0.462,8,4,0.5,1,1,1.0,88,93,0
202083,2012,21200599,2013-01-19 22:00:00,Portland,Trail Blazers,Milwaukee,Bucks,Regular Season,1,0,38.0,21,3,4,4,0,0,2,3,4,-8,18,8,0.444,8,1,0.125,4,4,1.0,104,110,0
202083,2012,21200613,2013-01-21 22:00:00,Portland,Trail Blazers,Washington,Wizards,Regular Season,1,0,34.0,17,1,1,1,0,0,0,1,2,-10,14,6,0.429,8,3,0.375,2,2,1.0,95,98,0
202083,2012,21200627,2013-01-23 22:00:00,Portland,Trail Blazers,Indiana,Pacers,Regular Season,1,1,38.0,10,5,1,1,0,1,0,1,3,12,11,4,0.364,3,0,0.0,2,2,1.0,100,80,0
202083,2012,21200651,2013-01-26 22:00:00,Portland,Trail Blazers,Los Angeles,Clippers,Regular Season,1,1,39.0,18,2,1,1,0,0,3,2,4,-3,10,5,0.5,5,1,0.2,7,7,1.0,101,100,0
202083,2012,21200658,2013-01-27 21:30:00,Portland,Trail Blazers,Los Angeles,Clippers,Regular Season,0,0,36.0,7,8,1,0,1,0,3,3,1,-7,9,3,0.333,4,1,0.25,0,0,0.0,96,83,0
202083,2012,21200668,2013-01-29 22:00:00,Portland,Trail Blazers,Dallas,Mavericks,Regular Season,1,1,38.0,17,4,6,4,2,0,4,4,1,-6,15,5,0.333,9,3,0.333,5,4,0.8,106,104,0
202083,2012,21200693,2013-02-01 21:00:00,Portland,Trail Blazers,Utah,Jazz,Regular Season,0,0,26.0,9,0,3,3,0,2,1,2,2,-12,8,3,0.375,4,1,0.25,2,2,1.0,86,77,0
202083,2012,21200703,2013-02-02 22:00:00,Portland,Trail Blazers,Utah,Jazz,Regular Season,1,1,0.0,0,0,0,0,0,0,0,0,0,0,0,0,0.0,0,0,0.0,0,0,0.0,105,99,0
202083,2012,21200713,2013-02-04 20:00:00,Portland,Trail Blazers,Minnesota,Timberwolves,Regular Season,0,1,38.0,22,5,3,3,0,1,0,5,3,12,11,7,0.636,8,4,0.5,4,4,1.0,98,100,0
202083,2012,21200730,2013-02-06 20:30:00,Portland,Trail Blazers,Dallas,Mavericks,Regular Season,0,0,36.0,21,4,1,1,0,0,3,1,5,-7,16,7,0.438,12,5,0.417,2,2,1.0,105,99,0
202083,2012,21200743,2013-02-08 20:00:00,Portland,Trail Blazers,Houston,Rockets,Regular Season,0,0,34.0,2,3,1,1,0,0,1,1,2,-15,9,1,0.111,6,0,0.0,0,0,0.0,118,103,0
202083,2012,21200756,2013-02-10 18:00:00,Portland,Trail Blazers,Orlando,Magic,Regular Season,0,0,36.0,17,3,5,4,1,0,1,0,2,-4,12,6,0.5,9,4,0.444,2,1,0.5,110,104,0
202083,2012,21200770,2013-02-12 19:30:00,Portland,Trail Blazers,Miami,Heat,Regular Season,0,0,37.0,20,3,6,6,0,0,0,2,2,-29,13,8,0.615,6,3,0.5,1,1,1.0,117,104,0
202083,2012,21200783,2013-02-13 20:00:00,Portland,Trail Blazers,New Orleans,Hornets,Regular Season,0,0,1.0,0,1,1,1,0,0,0,0,0,0,0,0,0.0,0,0,0.0,0,0,0.0,99,63,0
202083,2012,21200821,2013-02-22 22:30:00,Portland,Trail Blazers,Los Angeles,Lakers,Regular Season,0,0,35.0,15,8,2,2,0,0,1,2,4,-1,10,5,0.5,7,4,0.571,2,1,0.5,111,107,0
202083,2012,21200837,2013-02-24 21:00:00,Portland,Trail Blazers,Boston,Celtics,Regular Season,1,1,37.0,24,3,1,1,0,0,1,2,2,6,11,8,0.727,8,5,0.625,5,3,0.6,92,86,0
202083,2012,21200860,2013-02-27 22:30:00,Portland,Trail Blazers,Denver,Nuggets,Regular Season,1,0,32.0,16,2,1,0,1,0,0,1,5,-5,12,4,0.333,11,4,0.364,4,4,1.0,109,111,0
202083,2012,21200879,2013-03-02 22:00:00,Portland,Trail Blazers,Minnesota,Timberwolves,Regular Season,1,1,23.0,9,3,2,2,0,0,0,0,4,10,7,4,0.571,2,1,0.5,0,0,0.0,109,94,0
202083,2012,21200894,2013-03-04 22:00:00,Portland,Trail Blazers,Charlotte,Bobcats,Regular Season,1,1,35.0,14,4,1,1,0,1,0,2,3,17,10,5,0.5,7,4,0.571,0,0,0.0,122,105,0
202083,2012,21200905,2013-03-06 20:00:00,Portland,Trail Blazers,Memphis,Grizzlies,Regular Season,0,0,33.0,11,2,2,1,1,0,0,0,3,-1,11,4,0.364,6,1,0.167,4,2,0.5,91,85,0
202083,2012,21200923,2013-03-08 20:30:00,Portland,Trail Blazers,San Antonio,Spurs,Regular Season,0,1,35.0,15,1,4,4,0,1,2,2,0,17,9,5,0.556,7,5,0.714,2,0,0.0,106,136,0
202083,2012,21200939,2013-03-10 19:00:00,Portland,Trail Blazers,New Orleans,Hornets,Regular Season,0,0,38.0,24,2,4,4,0,0,2,0,2,18,15,8,0.533,11,6,0.545,2,2,1.0,98,96,0
202083,2012,21200955,2013-03-12 22:00:00,Portland,Trail Blazers,Memphis,Grizzlies,Regular Season,1,0,34.0,8,2,4,3,1,0,0,2,2,-13,10,3,0.3,5,2,0.4,0,0,0.0,97,102,0
202083,2012,21200968,2013-03-14 22:30:00,Portland,Trail Blazers,New York,Knicks,Regular Season,1,1,41.0,14,1,5,4,1,0,2,3,2,9,10,4,0.4,7,2,0.286,4,4,1.0,105,90,0
202083,2012,21200984,2013-03-16 22:00:00,Portland,Trail Blazers,Detroit,Pistons,Regular Season,1,1,38.0,17,2,3,3,0,0,1,0,2,16,10,4,0.4,5,2,0.4,7,7,1.0,112,101,0
202083,2012,21200993,2013-03-18 19:00:00,Portland,Trail Blazers,Philadelphia,76ers,Regular Season,0,0,40.0,6,6,4,3,1,1,4,0,4,0,12,3,0.25,5,0,0.0,0,0,0.0,101,100,0
202083,2012,21201005,2013-03-19 20:00:00,Portland,Trail Blazers,Milwaukee,Bucks,Regular Season,0,0,42.0,28,3,2,0,2,0,2,4,1,-2,20,10,0.5,11,7,0.636,3,1,0.333,102,95,0
202083,2012,21201019,2013-03-21 20:00:00,Portland,Trail Blazers,Chicago,Bulls,Regular Season,0,1,38.0,11,1,1,1,0,0,0,0,2,12,8,4,0.5,5,3,0.6,0,0,0.0,89,99,0
202083,2012,21201025,2013-03-22 19:30:00,Portland,Trail Blazers,Atlanta,Hawks,Regular Season,0,1,39.0,28,0,4,4,0,0,2,1,2,8,17,10,0.588,8,5,0.625,3,3,1.0,93,104,0
202083,2012,21201043,2013-03-24 19:00:00,Portland,Trail Blazers,Oklahoma City,Thunder,Regular Season,0,0,36.0,8,0,1,1,0,0,2,1,1,-22,11,3,0.273,6,2,0.333,0,0,0.0,103,83,0
202083,2012,21201070,2013-03-27 22:30:00,Portland,Trail Blazers,Brooklyn,Nets,Regular Season,1,0,25.0,5,0,3,3,0,0,0,1,3,-26,6,2,0.333,2,1,0.5,0,0,0.0,93,111,0
202083,2012,21201084,2013-03-29 22:00:00,Portland,Trail Blazers,Utah,Jazz,Regular Season,1,0,37.0,12,2,5,5,0,0,1,2,2,-15,10,3,0.3,4,2,0.5,4,4,1.0,95,105,0
202083,2012,21201094,2013-03-30 22:30:00,Portland,Trail Blazers,Golden State,Warriors,Regular Season,0,0,31.0,18,0,3,1,2,0,2,1,2,-9,11,6,0.545,6,2,0.333,5,4,0.8,125,98,0
202083,2012,21201106,2013-04-01 21:00:00,Portland,Trail Blazers,Utah,Jazz,Regular Season,0,0,31.0,23,1,0,0,0,0,0,0,1,-15,13,9,0.692,7,4,0.571,2,1,0.5,112,102,0
202083,2012,21201120,2013-04-03 22:00:00,Portland,Trail Blazers,Memphis,Grizzlies,Regular Season,1,0,39.0,12,0,2,1,1,0,1,2,3,-17,16,5,0.313,10,2,0.2,0,0,0.0,76,94,0
202083,2012,21201136,2013-04-05 22:30:00,Portland,Trail Blazers,Houston,Rockets,Regular Season,1,0,37.0,18,4,3,2,1,0,2,2,3,-14,19,6,0.316,11,1,0.091,6,5,0.833,98,116,0
202083,2012,21201153,2013-04-07 21:00:00,Portland,Trail Blazers,Dallas,Mavericks,Regular Season,1,0,13.0,3,2,1,1,0,0,0,2,0,-16,4,1,0.25,3,1,0.333,0,0,0.0,91,96,0
202083,2013,11300010,2013-10-07 22:00:00,Portland,Trail Blazers,Los Angeles,Clippers,Preseason,1,0,26.0,6,1,1,1,0,0,2,1,0,0,10,2,0.2,4,0,0.0,2,2,1.0,81,89,0
202083,2013,11300025,2013-10-09 22:00:00,Portland,Trail Blazers,Phoenix,Suns,Preseason,1,0,26.0,4,3,5,4,1,0,1,0,2,0,3,0,0.0,1,0,0.0,4,4,1.0,98,104,0
202083,2013,11300035,2013-10-11 21:00:00,Portland,Trail Blazers,Utah,Jazz,Preseason,1,1,22.0,8,2,3,3,0,0,1,2,1,0,5,3,0.599,4,2,0.5,0,0,0.0,96,86,0
202083,2013,11300062,2013-10-16 21:00:00,Portland,Trail Blazers,Utah,Jazz,Preseason,0,1,34.0,11,5,8,7,1,0,0,1,3,0,11,3,0.273,5,2,0.4,6,3,0.5,92,99,0
202083,2013,11300083,2013-10-20 21:00:00,Portland,Trail Blazers,Sacramento,Kings,Preseason,1,1,22.0,5,1,2,2,0,0,1,1,0,0,5,1,0.2,3,1,0.333,2,2,1.0,109,105,0
202083,2013,21300015,2013-10-30 22:00:00,Portland,Trail Blazers,Phoenix,Suns,Regular Season,0,0,33.0,9,4,7,5,2,0,0,1,1,-10,9,3,0.333,4,1,0.25,2,2,1.0,104,91,0
202083,2013,21300029,2013-11-01 21:00:00,Portland,Trail Blazers,Denver,Nuggets,Regular Season,0,1,35.0,21,3,12,11,1,0,1,1,2,19,13,7,0.538,4,4,1.0,3,3,1.0,98,113,0
202083,2013,21300039,2013-11-02 22:00:00,Portland,Trail Blazers,San Antonio,Spurs,Regular Season,1,1,33.0,20,2,3,3,0,1,1,1,1,4,13,8,0.615,6,3,0.5,2,1,0.5,115,105,0
202083,2013,21300058,2013-11-05 22:00:00,Portland,Trail Blazers,Houston,Rockets,Regular Season,1,0,36.0,19,0,3,2,1,0,1,0,5,-12,12,6,0.5,8,3,0.375,7,4,0.571,101,116,0
202083,2013,21300084,2013-11-08 22:00:00,Portland,Trail Blazers,Sacramento,Kings,Regular Season,1,1,33.0,18,3,7,7,0,0,2,5,3,8,11,7,0.636,3,2,0.667,2,2,1.0,104,91,0
202083,2013,21300093,2013-11-09 22:00:00,Portland,Trail Blazers,Sacramento,Kings,Regular Season,0,1,34.0,21,1,5,3,2,1,1,2,0,15,11,8,0.727,5,3,0.6,2,2,1.0,85,96,0
202083,2013,21300105,2013-11-11 22:00:00,Portland,Trail Blazers,Detroit,Pistons,Regular Season,1,1,29.0,3,1,1,0,1,0,2,0,0,3,3,1,0.333,3,1,0.333,0,0,0.0,109,103,0
202083,2013,21300120,2013-11-13 22:00:00,Portland,Trail Blazers,Phoenix,Suns,Regular Season,1,1,36.0,11,0,2,2,0,0,0,0,2,6,9,4,0.444,4,2,0.5,2,1,0.5,90,89,0
202083,2013,21300128,2013-11-15 19:30:00,Portland,Trail Blazers,Boston,Celtics,Regular Season,0,1,31.0,13,2,5,5,0,0,1,2,4,20,6,3,0.5,5,2,0.4,5,5,1.0,96,109,0
202083,2013,21300147,2013-11-17 13:00:00,Portland,Trail Blazers,Toronto,Raptors,Regular Season,0,1,39.0,17,1,6,4,2,1,0,0,1,6,12,6,0.5,7,4,0.571,2,1,0.5,110,118,0
202083,2013,21300150,2013-11-18 19:30:00,Portland,Trail Blazers,Brooklyn,Nets,Regular Season,0,1,36.0,24,1,6,5,1,0,1,0,3,4,13,9,0.692,8,5,0.625,2,1,0.5,98,108,0
202083,2013,21300167,2013-11-20 20:00:00,Portland,Trail Blazers,Milwaukee,Bucks,Regular Season,0,1,32.0,15,3,3,2,1,0,1,2,2,8,15,6,0.4,9,3,0.333,0,0,0.0,82,91,0
202083,2013,21300185,2013-11-22 22:00:00,Portland,Trail Blazers,Chicago,Bulls,Regular Season,1,1,36.0,28,1,2,2,0,0,2,2,1,15,19,12,0.632,8,4,0.5,0,0,0.0,98,95,0
202083,2013,21300196,2013-11-23 22:30:00,Portland,Trail Blazers,Golden State,Warriors,Regular Season,0,1,25.0,23,2,3,3,0,0,1,2,2,-5,9,8,0.889,6,5,0.833,4,2,0.5,101,113,0
202083,2013,21300210,2013-11-25 22:00:00,Portland,Trail Blazers,New York,Knicks,Regular Season,1,1,37.0,17,0,6,6,0,0,0,1,4,13,14,6,0.429,9,3,0.333,2,2,1.0,102,91,0
202083,2013,21300226,2013-11-27 21:00:00,Portland,Trail Blazers,Phoenix,Suns,Regular Season,0,0,28.0,8,3,5,5,0,0,0,0,1,-14,6,3,0.5,4,2,0.5,0,0,0.0,120,106,0
202083,2013,21300255,2013-12-01 21:30:00,Portland,Trail Blazers,Los Angeles,Lakers,Regular Season,0,1,36.0,17,3,2,2,0,0,3,3,3,11,8,4,0.5,5,3,0.6,7,6,0.857,108,114,0
202083,2013,21300260,2013-12-02 22:00:00,Portland,Trail Blazers,Indiana,Pacers,Regular Season,1,1,35.0,15,3,1,0,1,0,2,2,0,-7,11,5,0.455,2,1,0.5,5,4,0.8,106,102,0
202083,2013,21300276,2013-12-04 22:00:00,Portland,Trail Blazers,Oklahoma City,Thunder,Regular Season,1,1,32.0,13,1,5,2,3,0,1,2,3,13,12,4,0.333,4,1,0.25,4,4,1.0,111,104,0
202083,2013,21300288,2013-12-06 22:00:00,Portland,Trail Blazers,Utah,Jazz,Regular Season,1,1,28.0,24,1,0,0,0,0,0,1,2,36,11,8,0.727,6,4,0.667,5,4,0.8,130,98,0
202083,2013,21300298,2013-12-07 22:00:00,Portland,Trail Blazers,Dallas,Mavericks,Regular Season,1,0,34.0,4,4,7,6,1,0,1,1,1,0,10,2,0.2,4,0,0.0,0,0,0.0,106,108,0
202083,2013,21300308,2013-12-09 21:00:00,Portland,Trail Blazers,Utah,Jazz,Regular Season,0,1,34.0,16,3,3,3,0,0,0,1,2,10,11,6,0.545,4,1,0.25,4,3,0.75,94,105,0
202083,2013,21300328,2013-12-12 22:30:00,Portland,Trail Blazers,Houston,Rockets,Regular Season,1,1,35.0,18,2,2,2,0,0,1,3,3,3,16,6,0.375,8,2,0.25,5,4,0.8,111,104,0
202083,2013,21300347,2013-12-14 20:00:00,Portland,Trail Blazers,Philadelphia,76ers,Regular Season,0,1,25.0,14,3,4,3,1,1,2,0,1,22,14,5,0.357,10,4,0.4,0,0,0.0,105,139,0
202083,2013,21300352,2013-12-15 18:00:00,Portland,Trail Blazers,Detroit,Pistons,Regular Season,0,1,40.0,14,2,5,4,1,0,1,0,2,5,13,5,0.385,5,1,0.2,4,3,0.75,109,111,0
202083,2013,21300365,2013-12-17 19:00:00,Portland,Trail Blazers,Cleveland,Cavaliers,Regular Season,0,1,34.0,19,3,2,1,1,0,0,0,1,3,10,6,0.6,6,3,0.5,4,4,1.0,116,119,0
202083,2013,21300376,2013-12-18 20:00:00,Portland,Trail Blazers,Minnesota,Timberwolves,Regular Season,0,0,39.0,16,1,5,4,1,0,0,2,3,8,13,4,0.308,9,2,0.222,6,6,1.0,120,109,0
202083,2013,21300401,2013-12-21 22:00:00,Portland,Trail Blazers,New Orleans,Pelicans,Regular Season,1,1,33.0,18,0,6,4,2,1,2,0,1,4,16,7,0.438,6,2,0.333,2,2,1.0,110,107,0
202083,2013,21300426,2013-12-26 22:30:00,Portland,Trail Blazers,Los Angeles,Clippers,Regular Season,1,1,38.0,19,6,7,7,0,0,0,3,1,-9,12,5,0.417,10,4,0.4,6,5,0.833,116,112,0
202083,2013,21300446,2013-12-28 22:00:00,Portland,Trail Blazers,Miami,Heat,Regular Season,1,0,33.0,23,1,3,2,1,0,2,1,0,-13,14,9,0.643,8,5,0.625,0,0,0.0,107,108,0
202083,2013,21300456,2013-12-30 20:00:00,Portland,Trail Blazers,New Orleans,Pelicans,Regular Season,0,0,38.0,18,3,5,5,0,1,2,1,1,1,13,6,0.462,8,3,0.375,4,3,0.75,110,108,0
202083,2013,21300466,2013-12-31 20:00:00,Portland,Trail Blazers,Oklahoma City,Thunder,Regular Season,0,1,38.0,16,7,7,6,1,0,1,0,4,5,16,5,0.313,9,2,0.222,4,4,1.0,94,98,0
202083,2013,21300480,2014-01-02 22:00:00,Portland,Trail Blazers,Charlotte,Bobcats,Regular Season,1,1,26.0,25,2,1,0,1,0,0,2,2,15,11,8,0.727,6,5,0.833,5,4,0.8,134,104,0
202083,2013,21300496,2014-01-04 22:00:00,Portland,Trail Blazers,Philadelphia,76ers,Regular Season,1,0,35.0,13,4,3,1,2,0,2,1,2,-6,12,4,0.333,5,0,0.0,7,5,0.714,99,101,0
202083,2013,21300519,2014-01-07 22:00:00,Portland,Trail Blazers,Sacramento,Kings,Regular Season,0,0,36.0,9,3,6,6,0,1,2,0,5,0,12,3,0.25,7,1,0.143,2,2,1.0,123,119,0
202083,2013,21300527,2014-01-08 22:00:00,Portland,Trail Blazers,Orlando,Magic,Regular Season,1,1,30.0,17,4,5,3,2,0,0,1,4,12,17,6,0.353,9,3,0.333,2,2,1.0,110,94,0
202083,2013,21300551,2014-01-11 22:00:00,Portland,Trail Blazers,Boston,Celtics,Regular Season,1,1,34.0,18,3,5,4,1,0,0,1,1,8,12,5,0.417,4,2,0.5,6,6,1.0,112,104,0
202083,2013,21300575,2014-01-15 22:00:00,Portland,Trail Blazers,Cleveland,Cavaliers,Regular Season,1,1,31.0,15,4,1,1,0,0,1,2,1,4,12,5,0.417,7,3,0.429,2,2,1.0,108,96,0
202083,2013,21300589,2014-01-17 20:30:00,Portland,Trail Blazers,San Antonio,Spurs,Regular Season,0,1,33.0,24,0,6,5,1,0,1,3,3,1,14,9,0.643,7,6,0.857,0,0,0.0,100,109,0
202083,2013,21300600,2014-01-18 20:30:00,Portland,Trail Blazers,Dallas,Mavericks,Regular Season,0,1,27.0,10,3,2,2,0,0,1,2,2,20,10,3,0.3,7,2,0.286,2,2,1.0,111,127,0
202083,2013,21300614,2014-01-20 20:00:00,Portland,Trail Blazers,Houston,Rockets,Regular Season,0,0,33.0,18,1,1,1,0,0,2,1,3,-7,17,8,0.471,9,2,0.222,0,0,0.0,126,113,0
202083,2013,21300619,2014-01-21 20:00:00,Portland,Trail Blazers,Oklahoma City,Thunder,Regular Season,0,0,35.0,21,4,4,3,1,0,1,1,0,-7,15,7,0.467,8,4,0.5,4,3,0.75,105,97,0
202083,2013,21300632,2014-01-23 22:30:00,Portland,Trail Blazers,Denver,Nuggets,Regular Season,1,1,39.0,24,4,1,1,0,0,1,1,3,11,15,8,0.533,6,2,0.333,6,6,1.0,110,105,0
202083,2013,21300653,2014-01-25 22:00:00,Portland,Trail Blazers,Minnesota,Timberwolves,Regular Season,1,1,34.0,18,2,6,5,1,1,1,2,3,5,10,6,0.6,5,1,0.2,8,5,0.625,115,104,0
202083,2013,21300660,2014-01-26 21:00:00,Portland,Trail Blazers,Golden State,Warriors,Regular Season,0,0,36.0,21,2,5,5,0,0,0,2,4,-9,14,5,0.357,6,2,0.333,11,9,0.818,103,88,0
202083,2013,21300672,2014-01-28 22:00:00,Portland,Trail Blazers,Memphis,Grizzlies,Regular Season,1,0,34.0,8,5,3,3,0,0,0,1,1,-14,9,2,0.222,6,2,0.333,2,2,1.0,81,98,0
202083,2013,21300707,2014-02-01 22:00:00,Portland,Trail Blazers,Toronto,Raptors,Regular Season,1,1,33.0,21,3,0,0,0,0,1,2,5,1,11,7,0.636,7,5,0.714,2,2,1.0,106,103,0
202083,2013,21300711,2014-02-03 19:00:00,Portland,Trail Blazers,Washington,Wizards,Regular Season,0,0,36.0,9,3,4,4,0,0,0,3,2,-14,10,4,0.4,6,1,0.167,0,0,0.0,100,90,0
202083,2013,21300728,2014-02-05 20:00:00,Portland,Trail Blazers,New York,Knicks,Regular Season,0,1,35.0,18,1,7,7,0,0,0,0,1,14,15,6,0.4,6,3,0.5,4,3,0.75,90,94,0
202083,2013,21300739,2014-02-07 19:00:00,Portland,Trail Blazers,Indiana,Pacers,Regular Season,0,0,39.0,19,1,2,2,0,0,1,0,1,-11,22,7,0.318,8,2,0.25,3,3,1.0,118,113,0
202083,2013,21300752,2014-02-08 20:00:00,Portland,Trail Blazers,Minnesota,Timberwolves,Regular Season,0,1,32.0,21,6,1,1,0,0,0,0,5,2,14,6,0.429,5,3,0.6,7,6,0.857,110,117,0
202083,2013,21300775,2014-02-11 22:00:00,Portland,Trail Blazers,Oklahoma City,Thunder,Regular Season,1,0,32.0,11,2,3,3,0,0,2,4,1,-6,10,2,0.2,4,0,0.0,8,7,0.875,95,98,0
202083,2013,21300789,2014-02-12 22:30:00,Portland,Trail Blazers,Los Angeles,Clippers,Regular Season,0,0,34.0,15,1,6,6,0,0,0,1,4,-9,16,5,0.313,9,3,0.333,5,2,0.4,122,117,0
202083,2013,21300809,2014-02-19 22:00:00,Portland,Trail Blazers,San Antonio,Spurs,Regular Season,1,0,36.0,18,3,5,4,1,0,3,1,0,12,18,6,0.333,5,2,0.4,7,4,0.571,109,111,0
202083,2013,21300823,2014-02-21 22:00:00,Portland,Trail Blazers,Utah,Jazz,Regular Season,1,1,32.0,24,1,3,1,2,1,0,2,0,3,17,9,0.529,3,1,0.333,5,5,1.0,102,94,0
202083,2013,21300840,2014-02-23 21:00:00,Portland,Trail Blazers,Minnesota,Timberwolves,Regular Season,1,1,33.0,17,2,0,0,0,0,1,3,2,6,14,4,0.286,6,3,0.5,6,6,1.0,108,97,0
202083,2013,21300850,2014-02-25 21:00:00,Portland,Trail Blazers,Denver,Nuggets,Regular Season,0,1,33.0,11,2,1,1,0,0,2,0,3,3,13,2,0.154,7,1,0.143,6,6,1.0,95,100,0
202083,2013,21300861,2014-02-26 22:00:00,Portland,Trail Blazers,Brooklyn,Nets,Regular Season,1,1,27.0,8,3,4,3,1,2,1,2,0,15,7,3,0.429,2,1,0.5,1,1,1.0,124,80,0
202083,2013,21300880,2014-03-01 22:00:00,Portland,Trail Blazers,Denver,Nuggets,Regular Season,1,1,31.0,8,2,4,2,2,1,1,0,3,10,8,3,0.375,3,0,0.0,2,2,1.0,102,96,0
202083,2013,21300896,2014-03-03 22:00:00,Portland,Trail Blazers,Los Angeles,Lakers,Regular Season,1,0,34.0,7,4,5,3,2,0,2,1,3,1,12,3,0.25,6,1,0.167,0,0,0.0,106,107,0
202083,2013,21300913,2014-03-05 22:30:00,Portland,Trail Blazers,Atlanta,Hawks,Regular Season,1,1,28.0,10,1,1,0,1,0,1,0,2,24,8,3,0.375,4,2,0.5,2,2,1.0,102,78,0
202083,2013,21300924,2014-03-07 20:30:00,Portland,Trail Blazers,Dallas,Mavericks,Regular Season,0,0,34.0,26,0,6,5,1,0,1,2,3,9,19,11,0.579,8,4,0.5,1,0,0.0,103,98,0
202083,2013,21300939,2014-03-09 19:00:00,Portland,Trail Blazers,Houston,Rockets,Regular Season,0,0,41.0,26,2,4,2,2,1,3,0,5,-7,15,5,0.333,11,4,0.364,13,12,0.923,118,113,0
202083,2013,21300953,2014-03-11 20:00:00,Portland,Trail Blazers,Memphis,Grizzlies,Regular Season,0,0,34.0,5,3,2,1,1,0,2,0,1,-6,7,1,0.143,2,0,0.0,4,3,0.75,109,99,0
202083,2013,21300965,2014-03-12 21:30:00,Portland,Trail Blazers,San Antonio,Spurs,Regular Season,0,0,35.0,13,4,4,3,1,0,0,2,2,-7,11,5,0.455,5,1,0.2,6,2,0.333,103,90,0
202083,2013,21300977,2014-03-14 20:00:00,Portland,Trail Blazers,New Orleans,Pelicans,Regular Season,0,1,37.0,20,2,2,2,0,0,0,1,2,6,13,6,0.462,8,3,0.375,6,5,0.833,103,111,0
202083,2013,21300994,2014-03-16 21:00:00,Portland,Trail Blazers,Golden State,Warriors,Regular Season,1,0,35.0,13,3,4,4,0,0,0,2,3,-7,12,3,0.25,5,1,0.2,6,6,1.0,112,113,0
202083,2013,21301005,2014-03-18 22:00:00,Portland,Trail Blazers,Milwaukee,Bucks,Regular Season,1,1,41.0,26,2,2,1,1,0,2,3,4,1,15,8,0.533,7,5,0.714,5,5,1.0,120,115,0
202083,2013,21301020,2014-03-20 22:00:00,Portland,Trail Blazers,Washington,Wizards,Regular Season,1,1,33.0,28,5,1,0,1,0,1,1,4,9,16,8,0.5,9,4,0.444,8,8,1.0,116,103,0
202083,2013,21301032,2014-03-22 19:00:00,Portland,Trail Blazers,Charlotte,Bobcats,Regular Season,0,0,27.0,15,0,0,0,0,0,1,1,2,-8,12,6,0.5,5,1,0.2,2,2,1.0,124,94,0
202083,2013,21301049,2014-03-24 19:30:00,Portland,Trail Blazers,Miami,Heat,Regular Season,0,0,36.0,15,0,2,2,0,0,0,2,2,1,15,6,0.4,11,3,0.273,0,0,0.0,93,91,0
202083,2013,21301058,2014-03-25 19:00:00,Portland,Trail Blazers,Orlando,Magic,Regular Season,0,0,35.0,18,3,1,1,0,0,0,1,2,-4,13,5,0.385,8,4,0.5,4,4,1.0,95,85,0
202083,2013,21301071,2014-03-27 19:30:00,Portland,Trail Blazers,Atlanta,Hawks,Regular Season,0,1,31.0,11,2,3,2,1,0,1,4,2,13,10,4,0.4,6,3,0.5,0,0,0.0,85,100,0
202083,2013,21301080,2014-03-28 20:00:00,Portland,Trail Blazers,Chicago,Bulls,Regular Season,0,1,30.0,11,2,2,2,0,0,0,0,1,11,12,4,0.333,5,1,0.2,2,2,1.0,74,91,0
202083,2013,21301099,2014-03-30 21:00:00,Portland,Trail Blazers,Memphis,Grizzlies,Regular Season,1,1,32.0,15,5,3,3,0,0,1,2,2,-5,9,4,0.444,4,2,0.5,5,5,1.0,105,98,0
202083,2013,21301113,2014-04-01 22:30:00,Portland,Trail Blazers,Los Angeles,Lakers,Regular Season,0,1,32.0,10,6,4,4,0,1,0,1,1,17,12,4,0.333,7,2,0.286,0,0,0.0,112,124,0
202083,2013,21301140,2014-04-04 22:00:00,Portland,Trail Blazers,Phoenix,Suns,Regular Season,1,0,34.0,9,1,1,1,0,0,3,2,2,2,9,3,0.333,4,1,0.25,4,2,0.5,93,109,0
202083,2013,21301157,2014-04-06 21:00:00,Portland,Trail Blazers,New Orleans,Pelicans,Regular Season,1,1,31.0,21,1,5,5,0,0,0,2,4,8,13,7,0.538,7,3,0.429,4,4,1.0,100,94,0
202083,2013,21301172,2014-04-09 22:00:00,Portland,Trail Blazers,Sacramento,Kings,Regular Season,1,1,37.0,19,3,4,4,0,0,0,2,4,12,12,7,0.583,7,2,0.286,3,3,1.0,100,99,0
202083,2013,21301187,2014-04-11 21:00:00,Portland,Trail Blazers,Utah,Jazz,Regular Season,0,1,29.0,21,1,1,0,1,0,1,0,1,2,14,6,0.429,7,3,0.429,8,6,0.75,99,111,0
202083,2013,21301201,2014-04-13 21:00:00,Portland,Trail Blazers,Golden State,Warriors,Regular Season,1,1,41.0,24,3,3,3,0,0,1,4,2,-4,13,6,0.462,10,4,0.4,10,8,0.8,119,117,0
202083,2013,21301228,2014-04-16 22:30:00,Portland,Trail Blazers,Los Angeles,Clippers,Regular Season,1,1,12.0,8,3,0,0,0,0,0,0,1,8,7,3,0.429,5,2,0.4,0,0,0.0,110,104,0
202083,2013,41300171,2014-04-20 21:30:00,Portland,Trail Blazers,Houston,Rockets,Playoffs,0,1,42.0,18,1,1,0,1,0,3,4,5,9,16,6,0.375,7,1,0.143,6,5,0.833,120,122,0
202083,2013,41300172,2014-04-23 21:30:00,Portland,Trail Blazers,Houston,Rockets,Playoffs,0,1,39.0,9,1,4,4,0,0,1,2,3,4,11,4,0.364,5,1,0.2,0,0,0.0,105,112,0
202083,2013,41300173,2014-04-25 22:30:00,Portland,Trail Blazers,Houston,Rockets,Playoffs,1,0,37.0,5,1,2,1,1,0,0,2,6,-15,7,2,0.286,5,1,0.2,0,0,0.0,116,121,0
202083,2013,41300174,2014-04-27 21:30:00,Portland,Trail Blazers,Houston,Rockets,Playoffs,1,1,41.0,21,3,4,4,0,0,4,2,3,11,15,8,0.533,6,2,0.333,4,3,0.75,123,120,0
202083,2013,41300175,2014-04-30 21:30:00,Portland,Trail Blazers,Houston,Rockets,Playoffs,0,0,38.0,27,0,2,2,0,3,1,1,4,-5,18,9,0.5,9,5,0.556,4,4,1.0,108,98,0
202083,2013,41300176,2014-05-02 22:30:00,Portland,Trail Blazers,Houston,Rockets,Playoffs,1,1,39.0,12,0,3,2,1,0,1,3,4,3,13,4,0.308,8,2,0.25,4,2,0.5,99,98,0
202083,2013,41300221,2014-05-06 21:30:00,Portland,Trail Blazers,San Antonio,Spurs,Playoffs,0,0,34.0,8,1,4,3,1,0,1,3,6,-19,6,2,0.333,3,0,0.0,5,4,0.8,116,92,0
202083,2013,41300222,2014-05-08 21:30:00,Portland,Trail Blazers,San Antonio,Spurs,Playoffs,0,0,38.0,14,4,7,6,1,0,0,2,3,-20,12,6,0.5,4,2,0.5,0,0,0.0,114,97,0
202083,2013,41300223,2014-05-10 22:30:00,Portland,Trail Blazers,San Antonio,Spurs,Playoffs,1,0,39.0,22,1,4,4,0,0,2,1,4,-10,14,6,0.429,10,4,0.4,7,6,0.857,103,118,0
202083,2013,41300224,2014-05-12 22:30:00,Portland,Trail Blazers,San Antonio,Spurs,Playoffs,1,1,38.0,10,1,8,6,2,2,1,1,3,10,14,4,0.286,7,2,0.286,0,0,0.0,103,92,0
202083,2013,41300225,2014-05-14 21:30:00,Portland,Trail Blazers,San Antonio,Spurs,Playoffs,0,0,36.0,14,1,4,4,0,0,0,1,4,-17,10,5,0.5,4,2,0.5,2,2,1.0,104,82,0
202083,2014,11400009,2014-10-07 21:00:00,Portland,Trail Blazers,Utah,Jazz,Preseason,0,0,19.0,6,1,4,4,0,0,1,3,1,-14,7,3,0.429,1,0,0.0,0,0,0.0,92,73,0
202083,2014,11400024,2014-10-09 22:00:00,Portland,Trail Blazers,Utah,Jazz,Preseason,1,0,24.0,13,1,1,1,0,0,3,1,1,16,11,5,0.455,5,2,0.4,1,1,1.0,105,109,0
202083,2014,11400040,2014-10-12 21:00:00,Portland,Trail Blazers,Los Angeles,Clippers,Preseason,1,1,24.0,22,1,4,4,0,0,0,0,3,17,13,8,0.615,7,6,0.857,0,0,0.0,119,114,0
202083,2014,11400094,2014-10-21 21:00:00,Portland,Trail Blazers,Denver,Nuggets,Preseason,0,1,33.0,17,4,5,3,2,0,1,3,2,19,13,5,0.385,7,4,0.571,4,3,0.75,75,93,0
202083,2014,11400101,2014-10-22 22:00:00,Portland,Trail Blazers,Los Angeles,Lakers,Preseason,0,0,0.0,0,0,0,0,0,0,0,0,0,0,0,0,0.0,0,0,0.0,0,0,0.0,94,86,0
202083,2014,11400118,2014-10-24 22:30:00,Portland,Trail Blazers,Los Angeles,Clippers,Preseason,0,1,25.0,10,1,3,2,1,0,0,3,2,2,8,4,0.5,4,2,0.5,0,0,0.0,89,99,0
202083,2014,21400015,2014-10-29 22:30:00,Portland,Trail Blazers,Oklahoma City,Thunder,Regular Season,1,1,34.0,22,2,4,3,1,1,0,0,3,3,12,8,0.667,9,5,0.556,2,1,0.5,106,89,0
202083,2014,21400025,2014-10-31 22:00:00,Portland,Trail Blazers,Sacramento,Kings,Regular Season,0,0,37.0,16,1,5,2,3,0,1,1,3,-10,14,7,0.5,7,1,0.143,1,1,1.0,103,94,0
202083,2014,21400042,2014-11-02 21:00:00,Portland,Trail Blazers,Golden State,Warriors,Regular Season,1,0,33.0,18,1,3,3,0,0,2,2,2,-6,15,7,0.467,9,3,0.333,2,1,0.5,90,95,0
202083,2014,21400055,2014-11-04 22:00:00,Portland,Trail Blazers,Cleveland,Cavaliers,Regular Season,1,1,36.0,21,2,6,5,1,0,0,2,4,27,14,8,0.571,8,3,0.375,3,2,0.667,101,82,0
202083,2014,21400070,2014-11-06 22:30:00,Portland,Trail Blazers,Dallas,Mavericks,Regular Season,1,1,25.0,12,0,4,4,0,0,1,2,1,4,6,3,0.5,5,2,0.4,4,4,1.0,108,87,0
202083,2014,21400082,2014-11-08 15:30:00,Portland,Trail Blazers,Los Angeles,Clippers,Regular Season,0,0,33.0,14,3,1,1,0,0,1,1,3,-2,11,5,0.455,5,2,0.4,2,2,1.0,106,102,0
202083,2014,21400096,2014-11-09 21:00:00,Portland,Trail Blazers,Denver,Nuggets,Regular Season,1,1,34.0,21,3,6,5,1,1,1,0,3,21,19,8,0.421,13,5,0.385,2,0,0.0,116,100,0
202083,2014,21400107,2014-11-11 22:00:00,Portland,Trail Blazers,Charlotte,Hornets,Regular Season,1,1,35.0,16,7,3,2,1,0,1,1,1,6,15,5,0.333,9,2,0.222,5,4,0.8,102,100,0
202083,2014,21400115,2014-11-12 21:00:00,Portland,Trail Blazers,Denver,Nuggets,Regular Season,0,1,24.0,12,5,5,3,2,0,1,1,1,12,10,4,0.4,6,2,0.333,3,2,0.667,113,130,0
202083,2014,21400138,2014-11-15 22:00:00,Portland,Trail Blazers,Brooklyn,Nets,Regular Season,1,1,32.0,10,3,5,4,1,1,0,2,3,-3,13,3,0.231,7,2,0.286,2,2,1.0,97,87,0
202083,2014,21400153,2014-11-17 22:00:00,Portland,Trail Blazers,New Orleans,Pelicans,Regular Season,1,1,35.0,16,2,5,4,1,0,0,3,5,2,13,7,0.538,6,2,0.333,3,0,0.0,102,93,0
202083,2014,21400183,2014-11-21 22:30:00,Portland,Trail Blazers,Chicago,Bulls,Regular Season,1,1,27.0,12,4,3,3,0,0,2,5,2,33,8,5,0.625,1,0,0.0,3,2,0.667,105,87,0
202083,2014,21400194,2014-11-23 18:00:00,Portland,Trail Blazers,Boston,Celtics,Regular Season,0,1,35.0,10,3,5,4,1,0,1,2,1,2,7,4,0.571,3,2,0.667,0,0,0.0,88,94,0
202083,2014,21400200,2014-11-24 19:00:00,Portland,Trail Blazers,Philadelphia,76ers,Regular Season,0,1,32.0,17,3,4,4,0,0,1,2,1,1,16,6,0.375,8,2,0.25,4,3,0.75,104,114,0
202083,2014,21400210,2014-11-26 19:00:00,Portland,Trail Blazers,Charlotte,Hornets,Regular Season,0,1,34.0,28,1,1,0,1,0,0,2,3,8,15,10,0.667,9,6,0.667,2,2,1.0,97,105,0
202083,2014,21400233,2014-11-28 22:00:00,Portland,Trail Blazers,Memphis,Grizzlies,Regular Season,1,0,35.0,26,3,4,3,1,0,0,0,1,0,16,9,0.563,12,7,0.583,2,1,0.5,99,112,0
202083,2014,21400247,2014-11-30 21:00:00,Portland,Trail Blazers,Minnesota,Timberwolves,Regular Season,1,1,33.0,23,2,6,4,2,0,0,3,4,8,13,8,0.615,10,6,0.6,2,1,0.5,107,93,0
202083,2014,21400259,2014-12-02 21:00:00,Portland,Trail Blazers,Denver,Nuggets,Regular Season,0,1,36.0,15,1,2,2,0,0,2,1,2,0,15,5,0.333,10,1,0.1,4,4,1.0,103,105,0
202083,2014,21400274,2014-12-04 22:00:00,Portland,Trail Blazers,Indiana,Pacers,Regular Season,1,1,34.0,12,0,0,0,0,0,1,1,1,1,14,6,0.429,5,0,0.0,0,0,0.0,88,82,0
202083,2014,21400299,2014-12-07 19:30:00,Portland,Trail Blazers,New York,Knicks,Regular Season,0,1,33.0,18,3,2,1,1,0,3,2,4,8,11,5,0.455,6,3,0.5,8,5,0.625,99,103,0
202083,2014,21400309,2014-12-09 19:30:00,Portland,Trail Blazers,Detroit,Pistons,Regular Season,0,1,35.0,19,5,5,5,0,0,1,1,1,18,12,8,0.667,6,3,0.5,0,0,0.0,86,98,0
202083,2014,21400321,2014-12-10 20:00:00,Portland,Trail Blazers,Minnesota,Timberwolves,Regular Season,0,0,34.0,18,0,2,2,0,0,1,2,6,-2,13,7,0.538,10,4,0.4,0,0,0.0,90,82,0
202083,2014,21400328,2014-12-12 19:00:00,Portland,Trail Blazers,Chicago,Bulls,Regular Season,0,0,37.0,10,0,4,3,1,1,0,1,1,-6,8,4,0.5,3,1,0.333,2,1,0.5,115,106,0
202083,2014,21400342,2014-12-13 19:00:00,Portland,Trail Blazers,Indiana,Pacers,Regular Season,0,1,34.0,12,1,4,4,0,0,1,1,1,10,11,4,0.364,6,2,0.333,3,2,0.667,85,95,0
202083,2014,21400361,2014-12-15 22:00:00,Portland,Trail Blazers,San Antonio,Spurs,Regular Season,1,1,35.0,14,0,1,1,0,0,3,1,2,2,10,5,0.5,5,3,0.6,2,1,0.5,108,95,0
202083,2014,21400376,2014-12-17 22:00:00,Portland,Trail Blazers,Milwaukee,Bucks,Regular Season,1,1,32.0,11,1,3,3,0,0,0,1,2,-1,8,5,0.625,4,1,0.25,0,0,0.0,104,97,0
202083,2014,21400390,2014-12-19 20:00:00,Portland,Trail Blazers,San Antonio,Spurs,Regular Season,0,1,49.0,16,5,7,4,3,0,3,0,2,8,19,5,0.263,9,2,0.222,4,4,1.0,119,129,0
202083,2014,21400394,2014-12-20 19:00:00,Portland,Trail Blazers,New Orleans,Pelicans,Regular Season,0,1,22.0,9,0,2,2,0,0,1,3,0,27,8,3,0.375,8,3,0.375,0,0,0.0,88,114,0
202083,2014,21400411,2014-12-22 20:00:00,Portland,Trail Blazers,Houston,Rockets,Regular Season,0,0,25.0,14,2,3,2,1,0,0,0,4,-13,10,5,0.5,5,3,0.6,1,1,1.0,110,95,0
202083,2014,21400424,2014-12-23 20:00:00,Portland,Trail Blazers,Oklahoma City,Thunder,Regular Season,0,1,42.0,22,2,2,2,0,0,1,1,2,12,15,8,0.533,8,5,0.625,1,1,1.0,111,115,0
202083,2014,21400441,2014-12-26 22:00:00,Portland,Trail Blazers,Philadelphia,76ers,Regular Season,1,1,27.0,25,2,1,1,0,0,1,1,0,19,18,9,0.5,14,7,0.5,0,0,0.0,114,93,0
202083,2014,21400456,2014-12-28 21:00:00,Portland,Trail Blazers,New York,Knicks,Regular Season,1,1,32.0,28,5,4,4,0,1,0,0,2,20,21,10,0.476,15,6,0.4,2,2,1.0,101,79,0
202083,2014,21400473,2014-12-30 22:00:00,Portland,Trail Blazers,Toronto,Raptors,Regular Season,1,1,42.0,19,3,6,4,2,0,0,3,3,4,14,7,0.5,10,5,0.5,0,0,0.0,102,97,0
202083,2014,21400501,2015-01-03 22:00:00,Portland,Trail Blazers,Atlanta,Hawks,Regular Season,1,0,33.0,19,3,1,0,1,0,1,0,2,9,14,5,0.357,10,4,0.4,5,5,1.0,107,115,0
202083,2014,21400517,2015-01-05 22:00:00,Portland,Trail Blazers,Los Angeles,Lakers,Regular Season,1,1,30.0,5,1,1,1,0,0,2,2,0,4,9,1,0.111,6,1,0.167,2,2,1.0,98,94,0
202083,2014,21400537,2015-01-08 22:30:00,Portland,Trail Blazers,Miami,Heat,Regular Season,1,1,29.0,18,5,2,2,0,1,1,1,1,22,10,6,0.6,5,3,0.6,4,3,0.75,99,83,0
202083,2014,21400557,2015-01-10 22:00:00,Portland,Trail Blazers,Orlando,Magic,Regular Season,1,1,34.0,18,3,8,8,0,0,4,2,1,13,9,6,0.667,6,4,0.667,3,2,0.667,103,92,0
202083,2014,21400562,2015-01-11 21:30:00,Portland,Trail Blazers,Los Angeles,Lakers,Regular Season,0,1,34.0,16,5,0,0,0,0,2,3,3,5,11,6,0.545,7,3,0.429,2,1,0.5,94,106,0
202083,2014,21400583,2015-01-14 22:30:00,Portland,Trail Blazers,Los Angeles,Clippers,Regular Season,1,0,34.0,8,0,5,3,2,0,1,0,5,-13,13,3,0.231,8,2,0.25,0,0,0.0,94,100,0
202083,2014,21400595,2015-01-16 20:30:00,Portland,Trail Blazers,San Antonio,Spurs,Regular Season,0,0,28.0,2,2,1,1,0,0,1,2,2,-13,4,1,0.25,3,0,0.0,0,0,0.0,110,96,0
202083,2014,21400604,2015-01-17 21:00:00,Portland,Trail Blazers,Memphis,Grizzlies,Regular Season,0,0,39.0,25,1,4,4,0,0,0,0,2,-1,18,9,0.5,14,7,0.5,0,0,0.0,102,98,0
202083,2014,21400621,2015-01-19 22:00:00,Portland,Trail Blazers,Sacramento,Kings,Regular Season,1,1,37.0,17,1,3,3,0,0,3,1,2,4,20,7,0.35,12,2,0.167,2,1,0.5,98,94,0
202083,2014,21400634,2015-01-21 21:00:00,Portland,Trail Blazers,Phoenix,Suns,Regular Season,0,0,36.0,22,2,6,6,0,0,2,2,4,3,17,8,0.471,5,2,0.4,4,4,1.0,118,113,0
202083,2014,21400639,2015-01-22 22:00:00,Portland,Trail Blazers,Boston,Celtics,Regular Season,1,0,37.0,18,0,3,3,0,1,2,1,1,2,15,6,0.4,8,4,0.5,3,2,0.667,89,90,0
202083,2014,21400656,2015-01-24 22:00:00,Portland,Trail Blazers,Washington,Wizards,Regular Season,1,1,35.0,19,3,3,3,0,0,1,0,2,7,19,7,0.368,11,5,0.455,0,0,0.0,103,96,0
202083,2014,21400681,2015-01-28 19:00:00,Portland,Trail Blazers,Cleveland,Cavaliers,Regular Season,0,0,33.0,11,2,2,1,1,0,1,2,3,-9,10,4,0.4,8,3,0.375,1,0,0.0,99,94,0
202083,2014,21400697,2015-01-30 19:30:00,Portland,Trail Blazers,Atlanta,Hawks,Regular Season,0,0,38.0,16,3,1,1,0,0,0,2,3,-6,13,4,0.308,9,3,0.333,6,5,0.833,105,99,0
202083,2014,21400712,2015-01-31 20:30:00,Portland,Trail Blazers,Milwaukee,Bucks,Regular Season,0,0,34.0,19,3,4,3,1,1,2,2,3,-1,15,7,0.467,7,4,0.571,3,1,0.333,95,88,0
202083,2014,21400729,2015-02-03 22:00:00,Portland,Trail Blazers,Utah,Jazz,Regular Season,1,1,34.0,21,2,3,2,1,0,3,3,2,-13,10,6,0.6,5,3,0.6,7,6,0.857,103,102,0
202083,2014,21400745,2015-02-05 22:30:00,Portland,Trail Blazers,Phoenix,Suns,Regular Season,1,1,31.0,14,3,8,8,0,0,0,1,1,12,15,5,0.333,8,2,0.25,2,2,1.0,108,87,0
202083,2014,21400762,2015-02-07 20:30:00,Portland,Trail Blazers,Dallas,Mavericks,Regular Season,0,0,39.0,17,3,8,5,3,0,4,1,3,-15,14,7,0.5,8,3,0.375,2,0,0.0,111,101,0
202083,2014,21400771,2015-02-08 19:00:00,Portland,Trail Blazers,Houston,Rockets,Regular Season,0,1,33.0,6,2,3,3,0,0,2,0,2,7,9,2,0.222,6,2,0.333,0,0,0.0,98,109,0
202083,2014,21400798,2015-02-11 22:00:00,Portland,Trail Blazers,Los Angeles,Lakers,Regular Season,1,1,28.0,20,3,5,3,2,0,2,1,3,9,14,7,0.5,7,3,0.429,3,3,1.0,102,86,0
202083,2014,21400812,2015-02-20 21:00:00,Portland,Trail Blazers,Utah,Jazz,Regular Season,0,0,31.0,13,2,7,7,0,0,1,0,0,-9,9,4,0.444,5,1,0.2,4,4,1.0,92,76,0
202083,2014,21400828,2015-02-22 21:00:00,Portland,Trail Blazers,Memphis,Grizzlies,Regular Season,1,0,35.0,4,3,2,2,0,0,1,2,2,-9,7,0,0.0,4,0,0.0,4,4,1.0,92,98,0
202083,2014,21400853,2015-02-25 22:30:00,Portland,Trail Blazers,San Antonio,Spurs,Regular Season,1,1,33.0,31,3,5,3,2,0,3,0,2,24,18,11,0.611,10,4,0.4,7,5,0.714,111,95,0
202083,2014,21400869,2015-02-27 22:30:00,Portland,Trail Blazers,Oklahoma City,Thunder,Regular Season,1,1,32.0,8,3,6,5,1,1,3,1,1,3,13,2,0.154,6,2,0.333,2,2,1.0,115,112,0
202083,2014,21400879,2015-03-01 18:00:00,Portland,Trail Blazers,Sacramento,Kings,Regular Season,0,1,32.0,17,1,4,4,0,1,1,0,3,5,8,6,0.75,5,3,0.6,2,2,1.0,99,110,0
202083,2014,21400908,2015-03-04 22:30:00,Portland,Trail Blazers,Los Angeles,Clippers,Regular Season,0,1,38.0,12,2,8,8,0,0,2,2,5,8,9,3,0.333,8,2,0.25,6,4,0.667,93,98,0
202083,2014,21400910,2015-03-05 22:30:00,Portland,Trail Blazers,Dallas,Mavericks,Regular Season,1,1,17.0,4,3,1,1,0,0,2,2,0,11,5,1,0.2,3,0,0.0,2,2,1.0,94,75,0
202083,2015,11500015,2015-10-06 20:30:00,Dallas,Mavericks,Denver,Nuggets,Preseason,1,0,0.0,0,0,0,0,0,0,0,0,0,0,0,0,0.0,0,0,0.0,0,0,0.0,86,96,0
202083,2015,11500019,2015-10-07 20:00:00,Dallas,Mavericks,Houston,Rockets,Preseason,0,0,0.0,0,0,0,0,0,0,0,0,0,0,0,0,0.0,0,0,0.0,0,0,0.0,109,82,0
202083,2015,11500053,2015-10-13 20:00:00,Dallas,Mavericks,Oklahoma City,Thunder,Preseason,0,0,0.0,0,0,0,0,0,0,0,0,0,0,0,0,0.0,0,0,0.0,0,0,0.0,100,88,0
202083,2015,11500068,2015-10-16 20:30:00,Dallas,Mavericks,Atlanta,Hawks,Preseason,1,0,0.0,0,0,0,0,0,0,0,0,0,0,0,0,0.0,0,0,0.0,0,0,0.0,84,91,0
202083,2015,11500094,2015-10-21 20:30:00,Dallas,Mavericks,Phoenix,Suns,Preseason,1,0,0.0,0,0,0,0,0,0,0,0,0,0,0,0,0.0,0,0,0.0,0,0,0.0,87,99,0
202083,2015,11500103,2015-10-23 20:00:00,Dallas,Mavericks,Chicago,Bulls,Preseason,0,0,15.0,7,2,3,3,0,0,2,0,1,-3,6,3,0.5,2,1,0.5,0,0,0.0,103,102,0
202083,2015,21500014,2015-10-28 22:00:00,Dallas,Mavericks,Phoenix,Suns,Regular Season,0,1,26.0,9,1,3,3,0,0,1,0,2,21,7,3,0.429,4,2,0.5,2,1,0.5,95,111,0
202083,2015,21500020,2015-10-29 22:30:00,Dallas,Mavericks,Los Angeles,Clippers,Regular Season,0,0,0.0,0,0,0,0,0,0,0,0,0,0,0,0,0.0,0,0,0.0,0,0,0.0,104,88,0
202083,2015,21500045,2015-11-01 21:30:00,Dallas,Mavericks,Los Angeles,Lakers,Regular Season,0,1,26.0,10,1,2,1,1,0,0,0,1,8,10,3,0.3,8,3,0.375,2,1,0.5,93,103,0
202083,2015,21500057,2015-11-03 20:30:00,Dallas,Mavericks,Toronto,Raptors,Regular Season,1,0,27.0,8,3,3,2,1,0,0,2,5,-13,7,3,0.429,3,1,0.333,2,1,0.5,91,102,0
202083,2015,21500072,2015-11-05 20:30:00,Dallas,Mavericks,Charlotte,Hornets,Regular Season,1,0,26.0,11,0,1,1,0,0,1,1,1,-6,9,2,0.222,7,2,0.286,6,5,0.833,94,108,0
202083,2015,21500088,2015-11-07 20:30:00,Dallas,Mavericks,New Orleans,Pelicans,Regular Season,1,1,29.0,13,2,2,2,0,0,0,0,2,14,10,4,0.4,5,2,0.4,3,3,1.0,107,98,0
202083,2015,21500112,2015-11-10 20:00:00,Dallas,Mavericks,New Orleans,Pelicans,Regular Season,0,0,15.0,0,1,1,1,0,0,0,2,1,-15,5,0,0.0,1,0,0.0,0,0,0.0,120,105,0
202083,2015,21500118,2015-11-11 20:00:00,Dallas,Mavericks,Los Angeles,Clippers,Regular Season,1,1,32.0,25,3,6,6,0,0,1,1,3,16,13,9,0.692,4,3,0.75,4,4,1.0,118,108,0
202083,2015,21500135,2015-11-13 20:30:00,Dallas,Mavericks,Los Angeles,Lakers,Regular Season,1,1,30.0,8,1,2,2,0,0,2,2,2,-4,11,2,0.182,6,2,0.333,2,2,1.0,90,82,0
202083,2015,21500140,2015-11-14 20:00:00,Dallas,Mavericks,Houston,Rockets,Regular Season,0,1,0.0,0,0,0,0,0,0,0,0,0,0,0,0,0.0,0,0,0.0,0,0,0.0,98,110,0
202083,2015,21500152,2015-11-16 19:00:00,Dallas,Mavericks,Philadelphia,76ers,Regular Season,0,1,29.0,7,1,2,1,1,0,2,2,4,9,10,2,0.2,6,1,0.167,2,2,1.0,86,92,0
202083,2015,21500168,2015-11-18 19:30:00,Dallas,Mavericks,Boston,Celtics,Regular Season,0,1,32.0,18,3,2,2,0,0,1,2,1,11,12,4,0.333,9,3,0.333,7,7,1.0,102,106,0
202083,2015,21500184,2015-11-20 20:30:00,Dallas,Mavericks,Utah,Jazz,Regular Season,1,1,32.0,7,1,1,1,0,1,0,0,2,0,12,3,0.25,8,0,0.0,1,1,1.0,102,93,0
202083,2015,21500199,2015-11-22 19:00:00,Dallas,Mavericks,Oklahoma City,Thunder,Regular Season,0,0,31.0,18,1,3,2,1,0,1,1,1,-1,15,7,0.467,10,4,0.4,0,0,0.0,117,114,0
202083,2015,21500211,2015-11-24 20:00:00,Dallas,Mavericks,Memphis,Grizzlies,Regular Season,0,0,32.0,11,4,4,4,0,0,0,0,4,0,8,3,0.375,7,3,0.429,2,2,1.0,110,96,0
202083,2015,21500224,2015-11-25 20:30:00,Dallas,Mavericks,San Antonio,Spurs,Regular Season,0,0,36.0,15,1,4,3,1,0,1,3,3,-12,16,6,0.375,10,3,0.3,0,0,0.0,88,83,0
202083,2015,21500241,2015-11-28 20:30:00,Dallas,Mavericks,Denver,Nuggets,Regular Season,1,1,27.0,7,4,1,0,1,0,1,0,3,12,11,3,0.273,7,1,0.143,0,0,0.0,92,81,0
202083,2015,21500260,2015-11-30 22:00:00,Dallas,Mavericks,Sacramento,Kings,Regular Season,0,0,36.0,10,2,5,4,1,0,1,2,4,-17,11,4,0.364,8,2,0.25,0,0,0.0,112,98,0
202083,2015,21500267,2015-12-01 22:00:00,Dallas,Mavericks,Portland,Trail Blazers,Regular Season,0,1,40.0,18,1,5,3,2,0,2,1,1,20,11,5,0.455,6,3,0.5,6,5,0.833,112,115,0
202083,2015,21500287,2015-12-04 20:30:00,Dallas,Mavericks,Houston,Rockets,Regular Season,1,0,34.0,5,1,5,4,1,1,2,0,2,-5,9,1,0.111,8,1,0.125,4,2,0.5,96,100,0
202083,2015,21500302,2015-12-06 18:00:00,Dallas,Mavericks,Washington,Wizards,Regular Season,0,1,41.0,36,5,6,6,0,1,1,1,2,21,23,12,0.522,17,10,0.588,2,2,1.0,104,116,0
202083,2015,21500307,2015-12-07 19:30:00,Dallas,Mavericks,New York,Knicks,Regular Season,0,1,34.0,10,4,5,4,1,0,3,2,3,5,10,3,0.3,8,2,0.25,2,2,1.0,97,104,0
202083,2015,21500328,2015-12-09 21:30:00,Dallas,Mavericks,Atlanta,Hawks,Regular Season,1,0,35.0,17,1,4,3,1,2,1,0,4,4,17,6,0.353,6,2,0.333,3,3,1.0,95,98,0
202083,2015,21500350,2015-12-12 20:30:00,Dallas,Mavericks,Washington,Wizards,Regular Season,1,0,35.0,28,0,1,1,0,0,3,4,1,8,17,10,0.588,11,6,0.545,2,2,1.0,111,114,0
202083,2015,21500363,2015-12-14 20:30:00,Dallas,Mavericks,Phoenix,Suns,Regular Season,1,1,31.0,13,1,5,5,0,0,0,1,3,10,13,5,0.385,9,3,0.333,0,0,0.0,104,94,0
202083,2015,21500371,2015-12-16 19:00:00,Dallas,Mavericks,Indiana,Pacers,Regular Season,0,0,29.0,4,1,4,4,0,1,1,0,3,-7,10,2,0.2,4,0,0.0,0,0,0.0,107,81,0
202083,2015,21500394,2015-12-18 20:30:00,Dallas,Mavericks,Memphis,Grizzlies,Regular Season,1,1,29.0,2,3,1,1,0,0,2,1,0,4,4,0,0.0,3,0,0.0,2,2,1.0,97,88,0
202083,2015,21500421,2015-12-22 19:30:00,Dallas,Mavericks,Toronto,Raptors,Regular Season,0,0,27.0,15,1,1,1,0,0,0,0,3,-9,11,6,0.545,5,3,0.6,0,0,0.0,103,99,0
202083,2015,21500428,2015-12-23 19:30:00,Dallas,Mavericks,Brooklyn,Nets,Regular Season,0,1,45.0,17,0,2,2,0,2,0,4,1,-5,13,6,0.462,10,5,0.5,0,0,0.0,118,119,0
202083,2015,21500449,2015-12-26 20:30:00,Dallas,Mavericks,Chicago,Bulls,Regular Season,1,1,35.0,10,2,4,3,1,0,1,1,2,10,11,4,0.364,8,2,0.25,0,0,0.0,118,111,0
202083,2015,21500464,2015-12-28 20:30:00,Dallas,Mavericks,Milwaukee,Bucks,Regular Season,1,1,32.0,22,2,4,4,0,0,0,1,2,22,10,6,0.6,7,5,0.714,6,5,0.833,103,93,0
202083,2015,21500480,2015-12-30 20:30:00,Dallas,Mavericks,Golden State,Warriors,Regular Season,1,1,25.0,13,0,3,3,0,0,2,0,0,11,9,5,0.556,4,3,0.75,0,0,0.0,114,91,0
202083,2015,21500491,2016-01-01 19:30:00,Dallas,Mavericks,Miami,Heat,Regular Season,0,0,31.0,12,1,4,4,0,0,0,0,1,-14,9,4,0.444,7,4,0.571,0,0,0.0,106,82,0
202083,2015,21500501,2016-01-02 20:30:00,Dallas,Mavericks,New Orleans,Pelicans,Regular Season,1,0,35.0,18,0,1,1,0,0,1,0,3,2,13,7,0.538,10,4,0.4,0,0,0.0,98,105,0
202083,2015,21500523,2016-01-05 20:30:00,Dallas,Mavericks,Sacramento,Kings,Regular Season,1,1,42.0,20,4,3,3,0,0,2,0,0,0,13,7,0.538,4,2,0.5,5,4,0.8,117,116,0
202083,2015,21500531,2016-01-06 20:00:00,Dallas,Mavericks,New Orleans,Pelicans,Regular Season,0,1,0.0,0,0,0,0,0,0,0,0,0,0,0,0,0.0,0,0,0.0,0,0,0.0,91,100,0
202083,2015,21500545,2016-01-08 20:00:00,Dallas,Mavericks,Milwaukee,Bucks,Regular Season,0,0,38.0,12,3,2,1,1,1,2,2,3,1,12,4,0.333,9,3,0.333,2,1,0.5,96,95,0
202083,2015,21500557,2016-01-10 17:00:00,Dallas,Mavericks,Minnesota,Timberwolves,Regular Season,0,1,33.0,5,1,5,4,1,0,2,2,4,-7,8,1,0.125,5,1,0.2,2,2,1.0,87,93,0
202083,2015,21500575,2016-01-12 20:30:00,Dallas,Mavericks,Cleveland,Cavaliers,Regular Season,1,0,42.0,11,2,7,6,1,0,0,0,3,6,11,3,0.273,8,3,0.375,2,2,1.0,107,110,0
202083,2015,21500597,2016-01-15 20:00:00,Dallas,Mavericks,Chicago,Bulls,Regular Season,0,1,36.0,8,1,6,6,0,2,0,2,1,-1,10,4,0.4,5,0,0.0,0,0,0.0,77,83,0
202083,2015,21500612,2016-01-17 19:00:00,Dallas,Mavericks,San Antonio,Spurs,Regular Season,0,0,26.0,12,1,1,1,0,0,0,1,3,-17,9,5,0.556,4,1,0.25,2,1,0.5,112,83,0
202083,2015,21500623,2016-01-18 20:30:00,Dallas,Mavericks,Boston,Celtics,Regular Season,1,1,41.0,15,2,2,1,1,0,0,2,2,16,12,5,0.417,8,3,0.375,2,2,1.0,118,113,0
202083,2015,21500637,2016-01-20 20:30:00,Dallas,Mavericks,Minnesota,Timberwolves,Regular Season,1,1,40.0,15,4,6,6,0,0,2,1,3,19,16,6,0.375,8,2,0.25,1,1,1.0,106,94,0
202083,2015,21500651,2016-01-22 20:30:00,Dallas,Mavericks,Oklahoma City,Thunder,Regular Season,1,0,35.0,13,1,3,2,1,1,5,0,1,6,14,5,0.357,7,1,0.143,2,2,1.0,106,109,0
202083,2015,21500665,2016-01-24 15:30:00,Dallas,Mavericks,Houston,Rockets,Regular Season,0,0,33.0,15,1,1,1,0,0,1,1,3,-16,11,5,0.455,7,4,0.571,2,1,0.5,115,104,0
202083,2015,21500683,2016-01-26 22:30:00,Dallas,Mavericks,Los Angeles,Lakers,Regular Season,0,1,32.0,9,5,0,0,0,0,0,1,0,-2,8,3,0.375,5,1,0.2,2,2,1.0,90,92,0
202083,2015,21500691,2016-01-27 22:30:00,Dallas,Mavericks,Golden State,Warriors,Regular Season,0,0,33.0,9,3,0,0,0,0,2,1,3,-18,12,4,0.333,5,1,0.2,0,0,0.0,127,107,0
202083,2015,21500702,2016-01-29 20:30:00,Dallas,Mavericks,Brooklyn,Nets,Regular Season,1,1,34.0,2,3,5,4,1,0,0,0,1,7,4,1,0.25,2,0,0.0,0,0,0.0,91,79,0
202083,2015,21500717,2016-01-31 19:00:00,Dallas,Mavericks,Phoenix,Suns,Regular Season,1,1,34.0,7,1,4,3,1,0,1,0,3,4,12,2,0.167,8,1,0.125,2,2,1.0,91,78,0
202083,2015,21500723,2016-02-01 20:00:00,Dallas,Mavericks,Atlanta,Hawks,Regular Season,0,0,34.0,11,3,1,1,0,0,0,1,2,-14,14,4,0.286,9,3,0.333,0,0,0.0,112,97,0
202083,2015,21500741,2016-02-03 20:30:00,Dallas,Mavericks,Miami,Heat,Regular Season,1,0,37.0,9,2,3,2,1,0,2,0,2,-6,10,4,0.4,5,1,0.2,0,0,0.0,90,93,0
202083,2015,21500759,2016-02-05 21:30:00,Dallas,Mavericks,San Antonio,Spurs,Regular Season,1,0,23.0,4,2,1,1,0,1,0,1,2,-22,5,2,0.4,0,0,0.0,0,0,0.0,90,116,0
202083,2015,21500765,2016-02-06 20:00:00,Dallas,Mavericks,Memphis,Grizzlies,Regular Season,0,1,30.0,8,2,0,0,0,0,0,0,1,0,5,2,0.4,3,2,0.667,4,2,0.5,110,114,0
202083,2015,21500787,2016-02-09 20:30:00,Dallas,Mavericks,Utah,Jazz,Regular Season,1,0,42.0,16,3,2,1,1,0,0,1,4,-4,9,5,0.556,5,2,0.4,4,4,1.0,119,121,0
202083,2015,21500805,2016-02-19 19:00:00,Dallas,Mavericks,Orlando,Magic,Regular Season,0,0,36.0,5,2,3,3,0,0,0,1,2,-9,10,2,0.2,7,1,0.143,0,0,0.0,110,104,0
202083,2015,21500830,2016-02-21 19:00:00,Dallas,Mavericks,Philadelphia,76ers,Regular Season,1,1,27.0,21,2,3,3,0,0,0,0,1,27,12,8,0.667,7,3,0.429,2,2,1.0,129,103,0
202083,2015,21500852,2016-02-24 20:30:00,Dallas,Mavericks,Oklahoma City,Thunder,Regular Season,1,0,33.0,15,2,2,1,1,0,1,0,2,-5,16,5,0.313,11,5,0.455,0,0,0.0,103,116,0
202083,2015,21500866,2016-02-26 20:30:00,Dallas,Mavericks,Denver,Nuggets,Regular Season,1,1,40.0,17,2,3,2,1,0,1,1,6,15,8,4,0.5,7,4,0.571,6,5,0.833,122,116,0
202083,2015,21500882,2016-02-28 19:00:00,Dallas,Mavericks,Minnesota,Timberwolves,Regular Season,1,1,24.0,15,2,0,0,0,1,1,0,3,29,10,5,0.5,6,3,0.5,2,2,1.0,128,101,0
202083,2015,21500894,2016-03-01 20:30:00,Dallas,Mavericks,Orlando,Magic,Regular Season,1,1,31.0,21,2,5,4,1,0,2,0,2,13,12,8,0.667,4,1,0.25,5,4,0.8,121,108,0
202083,2015,21500910,2016-03-03 20:30:00,Dallas,Mavericks,Sacramento,Kings,Regular Season,1,0,36.0,4,4,3,3,0,0,2,0,3,7,9,2,0.222,2,0,0.0,0,0,0.0,101,104,0
202083,2015,21500933,2016-03-06 17:00:00,Dallas,Mavericks,Denver,Nuggets,Regular Season,0,0,40.0,12,3,4,4,0,0,2,1,3,-10,13,3,0.231,9,3,0.333,3,3,1.0,116,114,0
202083,2015,21500942,2016-03-07 20:30:00,Dallas,Mavericks,Los Angeles,Clippers,Regular Season,1,0,26.0,2,0,5,5,0,0,0,3,3,-15,6,0,0.0,5,0,0.0,2,2,1.0,90,109,0
202083,2015,21500954,2016-03-09 20:30:00,Dallas,Mavericks,Detroit,Pistons,Regular Season,1,0,33.0,10,0,1,1,0,0,1,1,3,4,9,4,0.444,7,2,0.286,0,0,0.0,96,102,0
202083,2015,21500973,2016-03-12 14:00:00,Dallas,Mavericks,Indiana,Pacers,Regular Season,1,0,35.0,15,6,5,5,0,0,2,2,1,-8,13,7,0.538,4,1,0.25,0,0,0.0,105,112,0
202083,2015,21500988,2016-03-14 19:00:00,Dallas,Mavericks,Charlotte,Hornets,Regular Season,0,1,37.0,5,2,5,5,0,0,0,1,3,19,8,1,0.125,3,1,0.333,2,2,1.0,96,107,0
202083,2015,21501005,2016-03-16 19:00:00,Dallas,Mavericks,Cleveland,Cavaliers,Regular Season,0,0,23.0,5,1,3,3,0,0,0,1,1,-6,4,1,0.25,2,0,0.0,3,3,1.0,99,98,0
202083,2015,21501026,2016-03-18 20:30:00,Dallas,Mavericks,Golden State,Warriors,Regular Season,1,0,32.0,6,1,4,4,0,0,1,2,4,-1,9,2,0.222,5,0,0.0,3,2,0.667,112,130,0
202083,2015,21501037,2016-03-20 16:00:00,Dallas,Mavericks,Portland,Trail Blazers,Regular Season,1,1,41.0,15,3,5,5,0,0,0,1,4,17,10,5,0.5,7,5,0.714,0,0,0.0,132,120,0
202083,2015,21501067,2016-03-23 22:00:00,Dallas,Mavericks,Portland,Trail Blazers,Regular Season,0,0,41.0,22,1,5,5,0,1,2,0,0,-4,15,8,0.533,10,6,0.6,0,0,0.0,109,103,0
202083,2015,21501080,2016-03-25 22:30:00,Dallas,Mavericks,Golden State,Warriors,Regular Season,0,0,32.0,26,3,3,3,0,0,0,0,3,-16,16,8,0.5,11,6,0.545,4,4,1.0,128,120,0
202083,2015,21501095,2016-03-27 18:00:00,Dallas,Mavericks,Sacramento,Kings,Regular Season,0,0,34.0,12,3,3,3,0,0,1,2,3,-18,7,3,0.429,5,2,0.4,4,4,1.0,133,111,0
202083,2015,21501103,2016-03-28 21:00:00,Dallas,Mavericks,Denver,Nuggets,Regular Season,0,1,34.0,14,2,3,3,0,1,1,1,2,3,14,5,0.357,10,4,0.4,0,0,0.0,88,97,0
202083,2015,21501117,2016-03-30 20:30:00,Dallas,Mavericks,New York,Knicks,Regular Season,1,1,37.0,16,4,2,2,0,0,3,2,4,-9,9,4,0.444,4,1,0.25,9,7,0.778,91,89,0
202083,2015,21501129,2016-04-01 19:30:00,Dallas,Mavericks,Detroit,Pistons,Regular Season,0,1,42.0,17,1,6,6,0,0,1,1,3,2,16,6,0.375,9,4,0.444,1,1,1.0,89,98,0
202083,2015,21501146,2016-04-03 15:30:00,Dallas,Mavericks,Minnesota,Timberwolves,Regular Season,0,1,36.0,19,1,2,1,1,0,1,1,1,-2,14,6,0.429,13,6,0.462,2,1,0.5,78,88,0
202083,2015,21501170,2016-04-06 21:30:00,Dallas,Mavericks,Houston,Rockets,Regular Season,1,1,40.0,16,0,6,6,0,0,3,2,2,6,18,6,0.333,12,4,0.333,0,0,0.0,88,86,0
202083,2015,21501185,2016-04-08 20:30:00,Dallas,Mavericks,Memphis,Grizzlies,Regular Season,1,1,43.0,11,1,2,2,0,0,0,1,3,18,7,3,0.429,6,3,0.5,2,2,1.0,103,93,0
202083,2015,21501196,2016-04-10 15:30:00,Dallas,Mavericks,Los Angeles,Clippers,Regular Season,0,0,30.0,7,3,0,0,0,0,0,3,2,-18,9,2,0.222,5,1,0.2,2,2,1.0,98,91,0
202083,2015,21501210,2016-04-11 21:00:00,Dallas,Mavericks,Utah,Jazz,Regular Season,0,1,38.0,20,1,2,2,0,0,0,0,2,4,14,7,0.5,10,4,0.4,2,2,1.0,92,101,0
202083,2015,21501223,2016-04-13 20:00:00,Dallas,Mavericks,San Antonio,Spurs,Regular Season,1,0,40.0,11,3,4,3,1,1,3,1,2,9,14,4,0.286,11,3,0.273,0,0,0.0,91,96,0
202083,2015,41500161,2016-04-16 21:30:00,Dallas,Mavericks,Oklahoma City,Thunder,Playoffs,0,0,29.0,7,1,2,2,0,0,1,0,4,-40,10,3,0.3,6,1,0.167,0,0,0.0,108,70,0
202083,2015,41500162,2016-04-18 20:00:00,Dallas,Mavericks,Oklahoma City,Thunder,Playoffs,0,1,36.0,6,1,6,6,0,0,2,0,1,-1,11,3,0.273,7,0,0.0,0,0,0.0,84,85,0
202083,2015,41500163,2016-04-21 19:00:00,Dallas,Mavericks,Oklahoma City,Thunder,Playoffs,1,0,32.0,22,2,5,3,2,0,2,1,4,-28,13,6,0.462,7,3,0.429,10,7,0.7,102,131,0
202083,2015,41500164,2016-04-23 20:00:00,Dallas,Mavericks,Oklahoma City,Thunder,Playoffs,1,0,37.0,19,1,2,2,0,0,0,2,3,-16,13,5,0.385,8,3,0.375,7,6,0.857,108,119,0
202083,2015,41500165,2016-04-25 20:00:00,Dallas,Mavericks,Oklahoma City,Thunder,Playoffs,0,0,37.0,11,1,3,1,2,0,1,1,2,-21,13,3,0.231,7,3,0.429,2,2,1.0,118,104,0
202083,2016,11600002,2016-10-01 20:01:00,Dallas,Mavericks,New Orleans,Pelicans,Preseason,0,0,0.0,0,0,0,0,0,0,0,0,0,0,0,0,0.0,0,0,0.0,0,0,0.0,116,102,0
202083,2016,11600009,2016-10-03 20:30:00,Dallas,Mavericks,Charlotte,Hornets,Preseason,1,1,17.0,9,2,3,3,0,0,0,1,2,9,6,4,0.667,3,1,0.333,0,0,0.0,95,88,0
202083,2016,11600034,2016-10-08 20:30:00,Dallas,Mavericks,Milwaukee,Bucks,Preseason,0,0,17.0,5,0,2,2,0,0,1,1,2,-12,7,2,0.286,3,1,0.333,1,0,0.0,88,74,0
202083,2016,11600046,2016-10-11 20:30:00,Dallas,Mavericks,Oklahoma City,Thunder,Preseason,1,1,0.0,0,0,0,0,0,0,0,0,0,0,0,0,0.0,0,0,0.0,0,0,0.0,114,109,0
202083,2016,11600064,2016-10-14 22:00:00,Dallas,Mavericks,Phoenix,Suns,Preseason,0,0,19.0,3,1,2,2,0,1,1,4,1,-6,5,1,0.2,2,1,0.5,0,0,0.0,112,107,0
202083,2016,11600091,2016-10-19 20:30:00,Dallas,Mavericks,Houston,Rockets,Preseason,1,0,25.0,15,2,5,4,1,0,4,0,2,-12,13,5,0.385,7,3,0.429,2,2,1.0,91,106,0
202083,2016,11600098,2016-10-21 21:00:00,Dallas,Mavericks,Denver,Nuggets,Preseason,0,0,24.0,10,0,1,0,1,0,0,2,3,-21,8,4,0.5,2,0,0.0,2,2,1.0,101,75,0
202083,2016,21600005,2016-10-26 19:00:00,Dallas,Mavericks,Indiana,Pacers,Regular Season,0,0,39.0,13,3,5,5,0,0,3,1,4,-17,16,3,0.188,10,2,0.2,6,5,0.833,130,121,0
202083,2016,21600023,2016-10-28 20:30:00,Dallas,Mavericks,Houston,Rockets,Regular Season,1,0,37.0,13,1,4,4,0,0,1,1,3,-6,14,4,0.286,8,1,0.125,4,4,1.0,98,106,0
202083,2016,21600041,2016-10-30 20:00:00,Dallas,Mavericks,Houston,Rockets,Regular Season,0,0,40.0,25,3,4,3,1,0,2,1,6,3,25,9,0.36,15,3,0.2,4,4,1.0,93,92,0
202083,2016,21600062,2016-11-02 21:00:00,Dallas,Mavericks,Utah,Jazz,Regular Season,0,0,35.0,12,2,1,1,0,1,0,1,2,-13,9,4,0.444,5,3,0.6,1,1,1.0,97,81,0
202083,2016,21600076,2016-11-04 20:30:00,Dallas,Mavericks,Portland,Trail Blazers,Regular Season,1,0,28.0,7,1,0,0,0,0,0,3,5,-20,6,1,0.167,2,1,0.5,5,4,0.8,95,105,0
202083,2016,21600090,2016-11-06 19:00:00,Dallas,Mavericks,Milwaukee,Bucks,Regular Season,1,1,43.0,9,1,1,1,0,0,3,2,3,16,17,3,0.176,14,3,0.214,0,0,0.0,86,75,0
202083,2016,21600104,2016-11-08 22:30:00,Dallas,Mavericks,Los Angeles,Lakers,Regular Season,0,1,38.0,9,7,3,2,1,0,2,1,2,9,10,4,0.4,4,1,0.25,0,0,0.0,97,109,0
202083,2016,21600116,2016-11-09 22:30:00,Dallas,Mavericks,Golden State,Warriors,Regular Season,0,0,0.0,0,0,0,0,0,0,0,0,0,0,0,0,0.0,0,0,0.0,0,0,0.0,116,95,0
202083,2016,21600146,2016-11-14 19:30:00,Dallas,Mavericks,New York,Knicks,Regular Season,0,0,34.0,8,1,5,5,0,0,2,1,2,-16,9,3,0.333,5,2,0.4,0,0,0.0,93,77,0
202083,2016,21600161,2016-11-16 19:30:00,Dallas,Mavericks,Boston,Celtics,Regular Season,0,0,37.0,22,0,3,3,0,0,2,1,1,-10,15,7,0.467,13,6,0.462,3,2,0.667,90,83,0
202083,2016,21600180,2016-11-18 20:30:00,Dallas,Mavericks,Memphis,Grizzlies,Regular Season,1,0,31.0,9,1,2,2,0,0,1,1,0,-15,10,3,0.3,7,2,0.286,1,1,1.0,64,80,0
202083,2016,21600187,2016-11-19 19:00:00,Dallas,Mavericks,Orlando,Magic,Regular Season,0,0,35.0,13,2,4,4,0,0,0,2,0,-5,11,4,0.364,6,3,0.5,2,2,1.0,95,87,0
202083,2016,21600206,2016-11-21 20:30:00,Dallas,Mavericks,San Antonio,Spurs,Regular Season,0,0,39.0,20,4,5,4,1,0,1,4,3,2,13,6,0.462,7,3,0.429,7,5,0.714,96,91,0
202083,2016,21600220,2016-11-23 20:30:00,Dallas,Mavericks,Los Angeles,Clippers,Regular Season,1,0,30.0,18,2,4,4,0,1,0,5,2,-11,10,6,0.6,3,3,1.0,3,3,1.0,104,124,0
202083,2016,21600227,2016-11-25 19:30:00,Dallas,Mavericks,Cleveland,Cavaliers,Regular Season,0,0,28.0,6,3,2,2,0,0,1,4,0,-32,8,2,0.25,7,2,0.286,0,0,0.0,128,90,0
202083,2016,21600250,2016-11-27 19:00:00,Dallas,Mavericks,New Orleans,Pelicans,Regular Season,1,1,38.0,21,3,3,2,1,0,0,1,2,20,14,7,0.5,8,6,0.75,2,1,0.5,91,81,0
202083,2016,21600272,2016-11-30 20:30:00,Dallas,Mavericks,San Antonio,Spurs,Regular Season,1,0,36.0,26,1,2,2,0,1,2,1,1,4,19,8,0.421,11,5,0.455,6,5,0.833,87,94,0
202083,2016,21600276,2016-12-01 19:00:00,Dallas,Mavericks,Charlotte,Hornets,Regular Season,0,0,39.0,14,2,3,3,0,0,0,1,2,-10,15,4,0.267,11,1,0.091,5,5,1.0,97,87,0
202083,2016,21600296,2016-12-03 20:30:00,Dallas,Mavericks,Chicago,Bulls,Regular Season,1,1,34.0,26,2,3,3,0,0,2,3,4,20,17,9,0.529,11,7,0.636,1,1,1.0,107,82,0
202083,2016,21600312,2016-12-05 20:30:00,Dallas,Mavericks,Charlotte,Hornets,Regular Season,1,0,34.0,16,3,5,5,0,0,0,0,2,2,13,5,0.385,9,4,0.444,2,2,1.0,101,109,0
202083,2016,21600328,2016-12-07 20:30:00,Dallas,Mavericks,Sacramento,Kings,Regular Season,1,0,33.0,16,1,4,4,0,1,1,1,1,-20,10,6,0.6,6,4,0.667,0,0,0.0,89,120,0
202083,2016,21600343,2016-12-09 20:30:00,Dallas,Mavericks,Indiana,Pacers,Regular Season,1,1,36.0,26,3,4,4,0,0,1,1,2,4,16,8,0.5,10,5,0.5,8,5,0.625,111,103,0
202083,2016,21600352,2016-12-10 20:00:00,Dallas,Mavericks,Houston,Rockets,Regular Season,0,0,35.0,26,2,3,2,1,0,1,0,1,-15,22,8,0.364,13,5,0.385,7,5,0.714,109,87,0
202083,2016,21600365,2016-12-12 20:30:00,Dallas,Mavericks,Denver,Nuggets,Regular Season,1,1,32.0,25,0,4,4,0,0,2,0,1,22,14,10,0.714,7,5,0.714,0,0,0.0,112,92,0
202083,2016,21600381,2016-12-14 20:30:00,Dallas,Mavericks,Detroit,Pistons,Regular Season,1,0,37.0,4,4,2,2,0,0,4,1,3,2,10,2,0.2,5,0,0.0,0,0,0.0,85,95,0
202083,2016,21600398,2016-12-16 22:30:00,Dallas,Mavericks,Utah,Jazz,Regular Season,0,0,33.0,13,1,2,2,0,0,3,3,3,-13,11,4,0.364,7,3,0.429,2,2,1.0,103,100,0
202083,2016,21600411,2016-12-18 16:00:00,Dallas,Mavericks,Sacramento,Kings,Regular Season,1,1,34.0,15,1,2,2,0,0,1,2,3,10,13,6,0.462,8,3,0.375,0,0,0.0,99,79,0
202083,2016,21600417,2016-12-19 21:00:00,Dallas,Mavericks,Denver,Nuggets,Regular Season,0,0,36.0,9,5,0,0,0,0,1,2,1,-28,11,3,0.273,6,2,0.333,1,1,1.0,117,107,0
202083,2016,21600436,2016-12-21 22:00:00,Dallas,Mavericks,Portland,Trail Blazers,Regular Season,0,1,40.0,16,3,4,4,0,0,3,1,3,3,16,6,0.375,7,1,0.143,5,3,0.6,95,96,0
202083,2016,21600455,2016-12-23 22:30:00,Dallas,Mavericks,Los Angeles,Clippers,Regular Season,0,1,39.0,16,2,6,6,0,1,3,0,3,2,16,6,0.375,8,1,0.125,6,3,0.5,88,90,0
202083,2016,21600466,2016-12-26 20:00:00,Dallas,Mavericks,New Orleans,Pelicans,Regular Season,0,0,35.0,17,2,2,2,0,0,2,4,2,-12,11,4,0.364,7,3,0.429,7,6,0.857,111,104,0
202083,2016,21600474,2016-12-27 20:30:00,Dallas,Mavericks,Houston,Rockets,Regular Season,1,0,28.0,19,1,1,1,0,0,1,0,2,-17,13,7,0.538,7,3,0.429,2,2,1.0,107,123,0
202083,2016,21600491,2016-12-29 22:30:00,Dallas,Mavericks,Los Angeles,Lakers,Regular Season,0,1,35.0,20,2,6,5,1,0,0,0,1,14,14,6,0.429,9,4,0.444,6,4,0.667,89,101,0
202083,2016,21600501,2016-12-30 22:30:00,Dallas,Mavericks,Golden State,Warriors,Regular Season,0,0,29.0,14,1,2,1,1,0,3,0,1,-12,14,5,0.357,4,2,0.5,2,2,1.0,108,99,0
202083,2016,21600524,2017-01-03 20:30:00,Dallas,Mavericks,Washington,Wizards,Regular Season,1,1,38.0,12,2,2,2,0,1,0,0,0,-6,11,5,0.455,4,2,0.5,0,0,0.0,113,105,0
202083,2016,21600541,2017-01-05 20:30:00,Dallas,Mavericks,Phoenix,Suns,Regular Season,1,0,35.0,9,2,2,2,0,2,1,2,2,-5,12,3,0.25,8,1,0.125,2,2,1.0,95,102,0
202083,2016,21600557,2017-01-07 20:30:00,Dallas,Mavericks,Atlanta,Hawks,Regular Season,1,0,32.0,9,1,4,4,0,0,0,1,4,-16,12,3,0.25,7,3,0.429,0,0,0.0,82,97,0
202083,2016,21600570,2017-01-09 20:00:00,Dallas,Mavericks,Minnesota,Timberwolves,Regular Season,0,0,36.0,2,5,4,4,0,0,0,2,3,0,7,1,0.143,3,0,0.0,0,0,0.0,101,92,0
202083,2016,21600591,2017-01-12 22:00:00,Dallas,Mavericks,Phoenix,Suns,Regular Season,0,1,38.0,18,5,0,0,0,0,1,1,1,16,14,7,0.5,8,4,0.5,0,0,0.0,108,113,0
202083,2016,21600608,2017-01-15 14:00:00,Dallas,Mavericks,Minnesota,Timberwolves,Regular Season,1,1,35.0,19,1,7,7,0,1,0,1,2,-1,15,7,0.467,8,4,0.5,2,1,0.5,98,87,0
202083,2016,21600624,2017-01-17 20:00:00,Dallas,Mavericks,Chicago,Bulls,Regular Season,0,1,40.0,11,2,4,4,0,0,0,1,3,-10,10,4,0.4,5,3,0.6,0,0,0.0,98,99,0
202083,2016,21600637,2017-01-19 19:30:00,Dallas,Mavericks,Miami,Heat,Regular Season,0,0,36.0,18,1,5,5,0,1,0,0,1,-9,14,7,0.5,9,4,0.444,0,0,0.0,99,95,0
202083,2016,21600648,2017-01-20 20:30:00,Dallas,Mavericks,Utah,Jazz,Regular Season,1,0,38.0,11,3,8,7,1,0,1,2,4,-13,10,4,0.4,4,1,0.25,2,2,1.0,107,112,0
202083,2016,21600662,2017-01-22 15:30:00,Dallas,Mavericks,Los Angeles,Lakers,Regular Season,1,1,14.0,13,2,2,1,1,0,1,1,0,11,9,5,0.556,5,3,0.6,0,0,0.0,122,73,0
202083,2016,21600688,2017-01-25 20:30:00,Dallas,Mavericks,New York,Knicks,Regular Season,1,1,0.0,0,0,0,0,0,0,0,0,0,0,0,0,0.0,0,0,0.0,0,0,0.0,103,95,0
202083,2016,21600690,2017-01-26 20:00:00,Dallas,Mavericks,Oklahoma City,Thunder,Regular Season,0,0,0.0,0,0,0,0,0,0,0,0,0,0,0,0,0.0,0,0,0.0,0,0,0.0,109,98,0
202083,2016,21600717,2017-01-29 19:00:00,Dallas,Mavericks,San Antonio,Spurs,Regular Season,0,1,30.0,17,3,7,7,0,0,2,1,2,6,10,6,0.6,5,2,0.4,4,3,0.75,101,105,0
202083,2016,21600722,2017-01-30 20:30:00,Dallas,Mavericks,Cleveland,Cavaliers,Regular Season,1,1,37.0,21,2,4,3,1,0,0,0,3,15,16,6,0.375,9,2,0.222,7,7,1.0,104,97,0
202083,2016,21600736,2017-02-01 20:30:00,Dallas,Mavericks,Philadelphia,76ers,Regular Season,1,1,30.0,9,1,6,6,0,0,0,1,2,22,9,3,0.333,4,1,0.25,2,2,1.0,113,95,0
202083,2016,21600754,2017-02-03 22:30:00,Dallas,Mavericks,Portland,Trail Blazers,Regular Season,0,1,40.0,27,3,6,6,0,0,0,2,3,-2,17,8,0.471,6,3,0.5,9,8,0.889,104,108,0
202083,2016,21600776,2017-02-06 21:00:00,Dallas,Mavericks,Denver,Nuggets,Regular Season,0,0,33.0,10,8,7,7,0,0,1,1,3,-11,8,3,0.375,3,1,0.333,4,3,0.75,110,87,0
202083,2016,21600781,2017-02-07 20:30:00,Dallas,Mavericks,Portland,Trail Blazers,Regular Season,1,0,38.0,23,5,2,1,1,0,1,1,4,3,17,9,0.529,7,3,0.429,2,2,1.0,113,114,0
202083,2016,21600797,2017-02-09 20:30:00,Dallas,Mavericks,Utah,Jazz,Regular Season,1,1,42.0,15,5,6,6,0,0,1,2,3,-6,10,6,0.6,3,1,0.333,2,2,1.0,112,105,0
202083,2016,21600814,2017-02-11 21:00:00,Dallas,Mavericks,Orlando,Magic,Regular Season,1,1,24.0,20,6,4,4,0,0,1,1,3,24,10,7,0.7,8,6,0.75,0,0,0.0,112,80,0
202083,2016,21600826,2017-02-13 20:30:00,Dallas,Mavericks,Boston,Celtics,Regular Season,1,0,35.0,18,3,7,7,0,0,0,0,3,-5,12,5,0.417,5,1,0.2,10,7,0.7,98,111,0
202083,2016,21600839,2017-02-15 19:30:00,Dallas,Mavericks,Detroit,Pistons,Regular Season,0,0,37.0,8,3,2,2,0,0,2,0,1,2,13,4,0.308,7,0,0.0,0,0,0.0,98,91,0
202083,2016,21600862,2017-02-24 20:00:00,Dallas,Mavericks,Minnesota,Timberwolves,Regular Season,0,0,36.0,7,3,5,4,1,1,0,1,4,-11,9,2,0.222,5,1,0.2,2,2,1.0,97,84,0
202083,2016,21600870,2017-02-25 20:30:00,Dallas,Mavericks,New Orleans,Pelicans,Regular Season,1,1,29.0,10,3,2,2,0,0,1,2,1,-3,7,3,0.429,6,2,0.333,2,2,1.0,96,83,0
202083,2016,21600887,2017-02-27 20:30:00,Dallas,Mavericks,Miami,Heat,Regular Season,1,1,33.0,9,1,4,4,0,0,2,5,2,4,4,1,0.25,2,1,0.5,6,6,1.0,96,89,0
202083,2016,21600932,2017-03-05 20:30:00,Dallas,Mavericks,Oklahoma City,Thunder,Regular Season,1,1,32.0,9,4,0,0,0,0,3,0,2,10,8,3,0.375,4,1,0.25,2,2,1.0,104,89,0
202083,2016,21600947,2017-03-07 20:30:00,Dallas,Mavericks,Los Angeles,Lakers,Regular Season,1,1,25.0,15,2,2,2,0,0,0,0,2,18,9,5,0.556,7,5,0.714,0,0,0.0,122,111,0
202083,2016,21600971,2017-03-10 21:00:00,Dallas,Mavericks,Brooklyn,Nets,Regular Season,1,1,33.0,9,3,7,7,0,0,2,3,3,10,11,2,0.182,6,1,0.167,4,4,1.0,105,96,0
202083,2016,21600982,2017-03-11 21:00:00,Dallas,Mavericks,Phoenix,Suns,Regular Season,1,0,34.0,7,3,7,4,3,0,1,1,5,-15,6,1,0.167,4,1,0.25,4,4,1.0,98,100,0
202083,2016,21600992,2017-03-13 19:30:00,Dallas,Mavericks,Toronto,Raptors,Regular Season,0,0,17.0,2,4,1,1,0,0,0,2,1,-7,5,1,0.2,3,0,0.0,0,0,0.0,100,78,0
202083,2016,21601020,2017-03-17 19:00:00,Dallas,Mavericks,Philadelphia,76ers,Regular Season,0,0,24.0,3,2,2,2,0,0,0,2,2,-32,8,1,0.125,5,0,0.0,2,1,0.5,116,74,0
202083,2016,21601036,2017-03-19 12:00:00,Dallas,Mavericks,Brooklyn,Nets,Regular Season,0,1,36.0,15,3,5,5,0,0,1,2,4,-3,9,5,0.556,3,2,0.667,5,3,0.6,104,111,0
202083,2016,21601055,2017-03-21 20:30:00,Dallas,Mavericks,Golden State,Warriors,Regular Season,1,0,32.0,8,4,3,2,1,0,2,2,0,-11,8,3,0.375,5,2,0.4,0,0,0.0,87,112,0
202083,2016,21601069,2017-03-23 20:30:00,Dallas,Mavericks,Los Angeles,Clippers,Regular Season,1,1,34.0,5,6,4,4,0,1,1,1,3,8,8,1,0.125,4,1,0.25,3,2,0.667,97,95,0
202083,2016,21601084,2017-03-25 20:30:00,Dallas,Mavericks,Toronto,Raptors,Regular Season,1,0,34.0,4,5,6,5,1,2,3,3,2,-6,12,2,0.167,7,0,0.0,2,0,0.0,86,94,0
202083,2016,21601100,2017-03-27 20:30:00,Dallas,Mavericks,Oklahoma City,Thunder,Regular Season,1,0,37.0,15,4,4,4,0,0,1,2,2,-11,13,5,0.385,9,2,0.222,3,3,1.0,91,92,0
202083,2016,21601117,2017-03-29 20:00:00,Dallas,Mavericks,New Orleans,Pelicans,Regular Season,0,0,36.0,10,4,3,3,0,0,0,1,2,-5,8,4,0.5,4,2,0.5,0,0,0.0,121,118,0
202083,2016,21601131,2017-03-31 20:00:00,Dallas,Mavericks,Memphis,Grizzlies,Regular Season,0,0,35.0,13,7,3,3,0,1,0,2,1,0,10,5,0.5,6,3,0.5,0,0,0.0,99,90,0
202083,2016,21601144,2017-04-02 15:30:00,Dallas,Mavericks,Milwaukee,Bucks,Regular Season,0,1,34.0,8,6,1,1,0,0,0,1,2,-5,10,3,0.3,9,2,0.222,0,0,0.0,105,109,0
202083,2016,21601163,2017-04-04 22:30:00,Dallas,Mavericks,Sacramento,Kings,Regular Season,0,0,0.0,0,0,0,0,0,0,0,0,0,0,0,0,0.0,0,0,0.0,0,0,0.0,98,87,0
202083,2016,21601172,2017-04-05 22:30:00,Dallas,Mavericks,Los Angeles,Clippers,Regular Season,0,0,36.0,11,6,5,4,1,0,0,2,4,-7,9,4,0.444,4,3,0.75,0,0,0.0,112,101,0
202083,2016,21601183,2017-04-07 20:30:00,Dallas,Mavericks,San Antonio,Spurs,Regular Season,1,0,16.0,6,5,4,4,0,0,0,0,0,6,5,3,0.6,0,0,0.0,0,0,0.0,89,102,0
202083,2016,21601199,2017-04-09 18:00:00,Dallas,Mavericks,Phoenix,Suns,Regular Season,0,0,19.0,7,2,1,1,0,0,0,1,1,-9,10,3,0.3,8,1,0.125,0,0,0.0,124,111,0
202083,2016,21601214,2017-04-11 20:30:00,Dallas,Mavericks,Denver,Nuggets,Regular Season,1,0,0.0,0,0,0,0,0,0,0,0,0,0,0,0,0.0,0,0,0.0,0,0,0.0,91,109,0
202083,2016,21601223,2017-04-12 20:00:00,Dallas,Mavericks,Memphis,Grizzlies,Regular Season,0,1,0.0,0,0,0,0,0,0,0,0,0,0,0,0,0.0,0,0,0.0,0,0,0.0,93,100,0
202083,2017,11700009,2017-10-02 20:30:00,Dallas,Mavericks,Milwaukee,Bucks,Preseason,1,1,12.0,4,5,4,3,1,0,0,1,1,2,4,2,0.5,1,0,0.0,0,0,0.0,106,104,0
202083,2017,11700023,2017-10-04 20:30:00,Dallas,Mavericks,Chicago,Bulls,Preseason,1,1,26.0,7,2,3,3,0,0,0,2,1,9,5,2,0.4,2,1,0.5,2,2,1.0,118,71,0
202083,2017,11700025,2017-10-05 19:00:00,Dallas,Mavericks,Orlando,Magic,Preseason,0,0,0.0,0,0,0,0,0,0,0,0,0,0,0,0,0.0,0,0,0.0,0,0,0.0,112,89,0
202083,2017,11700052,2017-10-09 20:30:00,Dallas,Mavericks,Orlando,Magic,Preseason,1,1,24.0,7,2,4,4,0,2,1,0,2,-4,7,3,0.429,5,1,0.2,0,0,0.0,99,96,0
202083,2017,11700065,2017-10-12 19:30:00,Dallas,Mavericks,Atlanta,Hawks,Preseason,0,1,0.0,0,0,0,0,0,0,0,0,0,0,0,0,0.0,0,0,0.0,0,0,0.0,94,108,0
202083,2017,11700067,2017-10-13 18:00:00,Dallas,Mavericks,Charlotte,Hornets,Preseason,0,0,33.0,7,0,3,2,1,1,0,1,4,-14,10,3,0.3,6,1,0.167,0,0,0.0,111,96,0
202083,2017,21700009,2017-10-18 20:30:00,Dallas,Mavericks,Atlanta,Hawks,Regular Season,1,0,37.0,15,5,8,6,2,0,1,5,4,-1,12,5,0.417,9,5,0.556,0,0,0.0,111,117,0
202083,2017,21700024,2017-10-20 20:30:00,Dallas,Mavericks,Sacramento,Kings,Regular Season,1,0,33.0,0,2,1,1,0,1,2,4,1,-13,7,0,0.0,7,0,0.0,0,0,0.0,88,93,0
202083,2017,21700032,2017-10-21 20:00:00,Dallas,Mavericks,Houston,Rockets,Regular Season,0,0,30.0,11,2,4,3,1,0,1,2,1,-31,11,3,0.273,6,2,0.333,4,3,0.75,107,91,0
202083,2017,21700045,2017-10-23 20:30:00,Dallas,Mavericks,Golden State,Warriors,Regular Season,1,0,33.0,19,2,2,2,0,0,3,0,1,-21,13,7,0.538,7,3,0.429,2,2,1.0,103,133,0
202083,2017,21700061,2017-10-25 20:30:00,Dallas,Mavericks,Memphis,Grizzlies,Regular Season,1,1,41.0,16,2,4,3,1,0,1,2,2,6,9,5,0.556,4,3,0.75,4,3,0.75,103,94,0
202083,2017,21700066,2017-10-26 20:00:00,Dallas,Mavericks,Memphis,Grizzlies,Regular Season,0,0,35.0,18,1,1,1,0,0,1,1,2,-7,12,6,0.5,8,4,0.5,2,2,1.0,96,91,0
202083,2017,21700081,2017-10-28 20:30:00,Dallas,Mavericks,Philadelphia,76ers,Regular Season,1,0,33.0,19,2,6,6,0,0,3,3,3,-17,9,5,0.556,5,3,0.6,7,6,0.857,110,112,0
202083,2017,21700098,2017-10-30 21:00:00,Dallas,Mavericks,Utah,Jazz,Regular Season,0,0,33.0,8,2,3,2,1,0,0,5,1,-20,8,3,0.375,2,2,1.0,0,0,0.0,104,89,0
202083,2017,21700116,2017-11-01 22:30:00,Dallas,Mavericks,Los Angeles,Clippers,Regular Season,0,0,27.0,11,4,1,1,0,0,0,0,2,-8,7,4,0.571,4,2,0.5,1,1,1.0,119,98,0
202083,2017,21700125,2017-11-03 20:30:00,Dallas,Mavericks,New Orleans,Pelicans,Regular Season,1,0,38.0,7,1,2,1,1,0,0,0,3,-17,12,3,0.25,6,1,0.167,0,0,0.0,94,99,0
202083,2017,21700134,2017-11-04 20:00:00,Dallas,Mavericks,Minnesota,Timberwolves,Regular Season,0,0,25.0,5,2,1,1,0,0,0,0,1,-20,10,2,0.2,3,1,0.333,0,0,0.0,112,99,0
202083,2017,21700151,2017-11-07 19:00:00,Dallas,Mavericks,Washington,Wizards,Regular Season,0,1,37.0,14,6,8,8,0,0,2,1,1,10,10,5,0.5,7,4,0.571,0,0,0.0,99,113,0
202083,2017,21700181,2017-11-11 20:30:00,Dallas,Mavericks,Cleveland,Cavaliers,Regular Season,1,0,41.0,12,6,2,1,1,0,2,0,5,-7,13,3,0.231,9,2,0.222,4,4,1.0,104,111,0
202083,2017,21700191,2017-11-12 19:00:00,Dallas,Mavericks,Oklahoma City,Thunder,Regular Season,0,0,33.0,1,4,4,3,1,0,1,2,2,-18,9,0,0.0,5,0,0.0,2,1,0.5,112,99,0
202083,2017,21700203,2017-11-14 20:30:00,Dallas,Mavericks,San Antonio,Spurs,Regular Season,1,0,37.0,12,1,4,4,0,0,1,0,6,-11,11,4,0.364,5,1,0.2,5,3,0.6,91,97,0
202083,2017,21700224,2017-11-17 20:30:00,Dallas,Mavericks,Minnesota,Timberwolves,Regular Season,1,0,33.0,8,2,2,2,0,1,0,1,2,-19,11,3,0.273,7,2,0.286,0,0,0.0,87,111,0
202083,2017,21700233,2017-11-18 21:00:00,Dallas,Mavericks,Milwaukee,Bucks,Regular Season,1,1,33.0,22,8,2,2,0,0,2,0,1,17,14,8,0.571,8,6,0.75,0,0,0.0,111,79,0
202083,2017,21700249,2017-11-20 20:30:00,Dallas,Mavericks,Boston,Celtics,Regular Season,1,0,43.0,18,3,6,6,0,0,4,2,4,-9,14,6,0.429,11,4,0.364,3,2,0.667,102,110,0
202083,2017,21700260,2017-11-22 20:00:00,Dallas,Mavericks,Memphis,Grizzlies,Regular Season,0,1,35.0,2,4,1,1,0,0,0,2,1,-3,7,1,0.143,4,0,0.0,0,0,0.0,94,95,0
202083,2017,21700283,2017-11-25 20:30:00,Dallas,Mavericks,Oklahoma City,Thunder,Regular Season,1,1,34.0,12,1,2,2,0,0,3,2,1,14,10,4,0.4,8,4,0.5,0,0,0.0,97,81,0
202083,2017,21700295,2017-11-27 20:30:00,Dallas,Mavericks,San Antonio,Spurs,Regular Season,0,0,32.0,19,2,2,2,0,0,0,2,3,-27,12,7,0.583,6,5,0.833,0,0,0.0,115,108,0
202083,2017,21700310,2017-11-29 20:30:00,Dallas,Mavericks,Brooklyn,Nets,Regular Season,1,0,36.0,8,2,3,3,0,0,0,1,2,-1,8,3,0.375,5,2,0.4,0,0,0.0,104,109,0
202083,2017,21700327,2017-12-02 14:00:00,Dallas,Mavericks,Los Angeles,Clippers,Regular Season,1,1,23.0,10,3,2,1,1,1,0,0,2,5,10,4,0.4,5,2,0.4,0,0,0.0,108,82,0
202083,2017,21700347,2017-12-04 20:30:00,Dallas,Mavericks,Denver,Nuggets,Regular Season,1,1,33.0,15,2,1,1,0,1,0,0,3,12,10,5,0.5,8,3,0.375,3,2,0.667,122,105,0
202083,2017,21700356,2017-12-06 19:30:00,Dallas,Mavericks,Boston,Celtics,Regular Season,0,0,30.0,7,1,1,1,0,0,1,2,3,-16,7,3,0.429,4,1,0.25,0,0,0.0,97,90,0
202083,2017,21700372,2017-12-08 20:00:00,Dallas,Mavericks,Milwaukee,Bucks,Regular Season,0,0,37.0,29,1,4,4,0,0,0,2,2,-5,15,11,0.733,7,5,0.714,2,2,1.0,109,102,0
202083,2017,21700388,2017-12-10 19:00:00,Dallas,Mavericks,Minnesota,Timberwolves,Regular Season,0,0,37.0,14,4,4,4,0,0,1,0,0,1,17,6,0.353,8,2,0.25,0,0,0.0,97,92,0
202083,2017,21700402,2017-12-12 20:30:00,Dallas,Mavericks,San Antonio,Spurs,Regular Season,1,1,35.0,16,4,5,5,0,0,0,1,4,-3,15,7,0.467,5,2,0.4,0,0,0.0,95,89,0
202083,2017,21700417,2017-12-14 22:30:00,Dallas,Mavericks,Golden State,Warriors,Regular Season,0,0,29.0,7,3,2,2,0,0,0,2,1,-13,12,3,0.25,7,1,0.143,0,0,0.0,112,97,0
202083,2017,21700435,2017-12-16 20:30:00,Dallas,Mavericks,San Antonio,Spurs,Regular Season,0,0,38.0,6,5,4,4,0,0,2,1,2,-11,11,3,0.273,4,0,0.0,0,0,0.0,98,96,0
202083,2017,21700448,2017-12-18 20:30:00,Dallas,Mavericks,Phoenix,Suns,Regular Season,1,0,36.0,13,0,7,7,0,0,3,2,4,4,12,5,0.417,8,3,0.375,0,0,0.0,91,97,0
202083,2017,21700461,2017-12-20 20:30:00,Dallas,Mavericks,Detroit,Pistons,Regular Season,1,1,27.0,10,1,2,2,0,0,0,1,1,21,10,4,0.4,5,2,0.4,0,0,0.0,110,93,0
202083,2017,21700474,2017-12-22 20:00:00,Dallas,Mavericks,Miami,Heat,Regular Season,0,0,33.0,9,3,0,0,0,0,1,1,2,-13,6,2,0.333,3,1,0.333,4,4,1.0,113,101,0
202083,2017,21700484,2017-12-23 19:30:00,Dallas,Mavericks,Atlanta,Hawks,Regular Season,0,0,33.0,7,4,2,2,0,0,2,3,2,-11,9,3,0.333,7,1,0.143,0,0,0.0,112,107,0
202083,2017,21700499,2017-12-26 19:00:00,Dallas,Mavericks,Toronto,Raptors,Regular Season,1,1,35.0,5,3,4,3,1,1,0,2,2,6,9,2,0.222,5,0,0.0,1,1,1.0,98,93,0
202083,2017,21700507,2017-12-27 19:00:00,Dallas,Mavericks,Indiana,Pacers,Regular Season,0,1,32.0,12,3,4,4,0,0,2,1,1,-1,9,5,0.556,4,1,0.25,1,1,1.0,94,98,0
202083,2017,21700525,2017-12-29 20:00:00,Dallas,Mavericks,New Orleans,Pelicans,Regular Season,0,1,29.0,18,2,4,3,1,0,2,0,3,0,11,7,0.636,7,4,0.571,0,0,0.0,120,128,0
202083,2017,21700541,2017-12-31 19:00:00,Dallas,Mavericks,Oklahoma City,Thunder,Regular Season,0,1,35.0,9,6,2,2,0,1,0,1,4,3,11,4,0.364,6,1,0.167,0,0,0.0,113,116,0
202083,2017,21700562,2018-01-03 20:30:00,Dallas,Mavericks,Golden State,Warriors,Regular Season,1,0,37.0,22,4,5,4,1,0,0,2,1,0,11,7,0.636,10,7,0.7,2,1,0.5,122,125,0
202083,2017,21700572,2018-01-05 20:30:00,Dallas,Mavericks,Chicago,Bulls,Regular Season,1,0,35.0,24,3,4,4,0,0,1,1,1,5,14,7,0.5,9,5,0.556,5,5,1.0,124,127,0
202083,2017,21700587,2018-01-07 19:00:00,Dallas,Mavericks,New York,Knicks,Regular Season,1,0,33.0,14,1,1,1,0,1,2,0,3,-6,10,4,0.4,1,0,0.0,8,6,0.75,96,100,0
202083,2017,21700601,2018-01-09 20:30:00,Dallas,Mavericks,Orlando,Magic,Regular Season,1,1,33.0,16,3,5,4,1,0,1,1,4,27,10,5,0.5,6,2,0.333,5,4,0.8,114,99,0
202083,2017,21700603,2018-01-10 19:00:00,Dallas,Mavericks,Charlotte,Hornets,Regular Season,0,1,36.0,4,3,4,4,0,1,1,0,0,8,8,2,0.25,3,0,0.0,0,0,0.0,111,115,0
202083,2017,21700627,2018-01-13 14:00:00,Dallas,Mavericks,Los Angeles,Lakers,Regular Season,1,0,39.0,17,4,1,1,0,0,0,0,3,-11,10,5,0.5,6,3,0.5,4,4,1.0,101,107,0
202083,2017,21700651,2018-01-16 21:00:00,Dallas,Mavericks,Denver,Nuggets,Regular Season,0,0,35.0,10,2,4,2,2,0,2,3,4,9,12,3,0.25,8,2,0.25,2,2,1.0,105,102,0
202083,2017,21700682,2018-01-20 22:00:00,Dallas,Mavericks,Portland,Trail Blazers,Regular Season,0,0,37.0,23,2,5,2,3,0,1,2,2,-3,15,7,0.467,9,3,0.333,8,6,0.75,117,108,0
202083,2017,21700693,2018-01-22 20:30:00,Dallas,Mavericks,Washington,Wizards,Regular Season,1,1,29.0,14,1,3,3,0,0,2,3,3,6,12,5,0.417,8,4,0.5,0,0,0.0,98,75,0
202083,2017,21700706,2018-01-24 20:00:00,Dallas,Mavericks,Houston,Rockets,Regular Season,1,0,38.0,29,5,4,4,0,1,2,2,2,-17,18,10,0.556,14,7,0.5,2,2,1.0,97,104,0
202083,2017,21700721,2018-01-26 20:30:00,Dallas,Mavericks,Portland,Trail Blazers,Regular Season,1,0,32.0,12,2,1,1,0,0,1,0,2,-5,14,5,0.357,3,0,0.0,4,2,0.5,93,107,0
202083,2017,21700730,2018-01-27 21:00:00,Dallas,Mavericks,Denver,Nuggets,Regular Season,0,0,33.0,7,1,6,6,0,1,1,0,4,-18,10,3,0.3,4,1,0.25,0,0,0.0,91,89,0
202083,2017,21700742,2018-01-29 20:30:00,Dallas,Mavericks,Miami,Heat,Regular Season,1,0,34.0,19,3,7,6,1,0,2,1,3,-2,12,7,0.583,6,3,0.5,2,2,1.0,88,95,0
202083,2017,21700760,2018-01-31 22:30:00,Dallas,Mavericks,Phoenix,Suns,Regular Season,0,0,35.0,6,3,4,2,2,1,5,1,3,-6,17,2,0.118,9,0,0.0,2,2,1.0,102,88,0
202083,2017,21700783,2018-02-03 22:00:00,Dallas,Mavericks,Sacramento,Kings,Regular Season,0,1,31.0,11,3,0,0,0,0,2,1,0,-8,7,5,0.714,2,1,0.5,0,0,0.0,99,106,0
202083,2017,21700796,2018-02-05 22:30:00,Dallas,Mavericks,Los Angeles,Clippers,Regular Season,0,0,34.0,23,5,2,2,0,2,1,2,2,2,16,7,0.438,12,7,0.583,2,2,1.0,104,101,0
202083,2017,21700815,2018-02-08 22:30:00,Dallas,Mavericks,Golden State,Warriors,Regular Season,0,0,28.0,17,2,2,2,0,0,2,1,2,-4,17,7,0.412,9,2,0.222,2,1,0.5,121,103,0
202083,2017,21700830,2018-02-10 20:30:00,Dallas,Mavericks,Los Angeles,Lakers,Regular Season,1,1,26.0,13,4,1,1,0,0,1,2,2,5,7,4,0.571,6,3,0.5,2,2,1.0,130,123,0
202083,2017,21700851,2018-02-13 20:30:00,Dallas,Mavericks,Sacramento,Kings,Regular Season,1,0,28.0,13,2,5,4,1,0,0,1,0,-12,12,4,0.333,7,3,0.429,2,2,1.0,109,114,0
202083,2017,21700883,2018-02-23 22:30:00,Dallas,Mavericks,Los Angeles,Lakers,Regular Season,0,0,28.0,19,2,2,1,1,1,1,3,2,-29,12,7,0.583,8,5,0.625,0,0,0.0,124,102,0
202083,2017,21700890,2018-02-24 21:00:00,Dallas,Mavericks,Utah,Jazz,Regular Season,0,0,29.0,10,0,2,2,0,0,1,0,1,-28,8,3,0.375,5,2,0.4,2,2,1.0,97,90,0
202083,2017,21700904,2018-02-26 20:30:00,Dallas,Mavericks,Indiana,Pacers,Regular Season,1,1,31.0,13,1,2,1,1,1,2,1,3,-14,12,5,0.417,9,3,0.333,0,0,0.0,109,103,0
202083,2017,21700919,2018-02-28 20:30:00,Dallas,Mavericks,Oklahoma City,Thunder,Regular Season,1,0,42.0,11,1,7,4,3,0,2,2,2,-6,14,4,0.286,10,3,0.3,0,0,0.0,110,111,0
202083,2017,21700930,2018-03-02 20:00:00,Dallas,Mavericks,Chicago,Bulls,Regular Season,0,0,31.0,5,4,2,1,1,0,1,0,2,1,9,2,0.222,5,1,0.2,0,0,0.0,108,100,0
202083,2017,21700989,2018-03-10 20:30:00,Dallas,Mavericks,Memphis,Grizzlies,Regular Season,1,1,25.0,6,2,2,2,0,1,1,0,4,6,7,2,0.286,4,1,0.25,2,1,0.5,114,80,0
202083,2017,21700997,2018-03-11 19:00:00,Dallas,Mavericks,Houston,Rockets,Regular Season,1,0,0.0,0,0,0,0,0,0,0,0,0,0,0,0,0.0,0,0,0.0,0,0,0.0,82,105,0
202083,2018,11800028,2018-10-05 07:30:00,Dallas,Mavericks,Philadelphia,76ers,Preseason,1,0,0.0,0,0,0,0,0,0,0,0,0,0,0,0,,0,0,,0,0,,114,120,0
202083,2018,11800047,2018-10-08 08:00:00,Dallas,Mavericks,Philadelphia,76ers,Preseason,0,1,23.0,9,2,5,5,0,0,2,1,0,7,7,3,0.429,4,2,0.5,2,1,0.5,112,115,0
202083,2018,11800071,2018-10-12 19:00:00,Dallas,Mavericks,Charlotte,Hornets,Preseason,1,0,25.0,9,5,5,2,3,0,1,1,2,18,9,3,0.333,5,1,0.2,2,2,1.0,118,123,0
202083,2018,21800013,2018-10-17 22:30:00,Dallas,Mavericks,Phoenix,Suns,Regular Season,0,0,34.0,15,5,2,1,1,0,1,2,0,-15,10,4,0.4,7,2,0.286,6,5,0.833,121,100,0
202083,2018,21800032,2018-10-20 20:30:00,Dallas,Mavericks,Minnesota,Timberwolves,Regular Season,1,1,35.0,19,2,4,2,2,0,0,2,5,2,19,7,0.368,11,4,0.364,3,1,0.333,140,136,0
202083,2018,21800044,2018-10-22 20:30:00,Dallas,Mavericks,Chicago,Bulls,Regular Season,1,1,31.0,20,4,2,2,0,0,2,1,0,9,15,6,0.4,11,4,0.364,4,4,1.0,115,109,0
202083,2018,21800052,2018-10-24 19:00:00,Dallas,Mavericks,Atlanta,Hawks,Regular Season,0,0,34.0,23,2,3,2,1,0,0,1,5,-14,21,9,0.429,14,5,0.357,0,0,0.0,111,104,0
202083,2018,21800069,2018-10-26 19:30:00,Dallas,Mavericks,Toronto,Raptors,Regular Season,0,0,32.0,21,1,0,0,0,0,0,2,4,-8,15,9,0.6,8,3,0.375,0,0,0.0,116,107,0
202083,2018,21800084,2018-10-28 19:00:00,Dallas,Mavericks,Utah,Jazz,Regular Season,1,0,35.0,22,1,7,5,2,0,1,0,1,0,17,5,0.294,4,2,0.5,12,10,0.833,104,113,0
202083,2018,21800094,2018-10-29 20:30:00,Dallas,Mavericks,San Antonio,Spurs,Regular Season,0,0,39.0,8,3,2,2,0,0,0,2,4,14,10,3,0.3,4,0,0.0,2,2,1.0,113,108,0
202083,2018,21800109,2018-10-31 22:30:00,Dallas,Mavericks,Los Angeles,Lakers,Regular Season,0,0,31.0,21,1,1,1,0,0,2,2,3,9,15,8,0.533,10,4,0.4,1,1,1.0,114,113,0
202083,2018,21800121,2018-11-02 20:30:00,Dallas,Mavericks,New York,Knicks,Regular Season,1,0,31.0,9,4,3,3,0,0,1,1,3,-20,6,2,0.333,3,1,0.333,5,4,0.8,106,118,0
202083,2018,21800150,2018-11-06 20:30:00,Dallas,Mavericks,Washington,Wizards,Regular Season,1,1,31.0,22,0,2,2,0,1,0,0,2,6,14,7,0.5,8,5,0.625,3,3,1.0,119,100,0
202083,2018,21800160,2018-11-07 21:00:00,Dallas,Mavericks,Utah,Jazz,Regular Season,0,0,33.0,13,4,6,5,1,0,1,0,2,-22,10,4,0.4,3,0,0.0,6,5,0.833,117,102,0
202083,2018,21800181,2018-11-10 21:00:00,Dallas,Mavericks,Oklahoma City,Thunder,Regular Season,1,1,31.0,9,4,0,0,0,0,1,2,1,5,7,3,0.429,4,3,0.75,2,0,0.0,111,96,0
202083,2018,21800210,2018-11-14 20:30:00,Dallas,Mavericks,Utah,Jazz,Regular Season,1,1,20.0,9,0,2,2,0,1,3,1,1,17,5,4,0.8,2,1,0.5,0,0,0.0,118,68,0
202083,2018,21800283,2018-11-24 20:30:00,Dallas,Mavericks,Boston,Celtics,Regular Season,1,1,32.0,15,1,2,1,1,1,0,2,0,-6,12,4,0.333,9,3,0.333,4,4,1.0,113,104,0
202083,2018,21800309,2018-11-28 20:00:00,Dallas,Mavericks,Houston,Rockets,Regular Season,0,1,22.0,11,1,0,0,0,0,0,1,0,8,9,5,0.556,3,1,0.333,0,0,0.0,108,128,0
202083,2018,21800328,2018-11-30 22:30:00,Dallas,Mavericks,Los Angeles,Lakers,Regular Season,0,0,29.0,11,3,4,3,1,1,0,1,4,-12,7,4,0.571,4,2,0.5,2,1,0.5,114,103,0
202083,2018,21800341,2018-12-02 19:00:00,Dallas,Mavericks,Los Angeles,Clippers,Regular Season,1,1,30.0,14,4,6,5,1,0,1,3,4,0,13,5,0.385,4,2,0.5,2,2,1.0,114,110,0
202083,2018,21800352,2018-12-04 20:30:00,Dallas,Mavericks,Portland,Trail Blazers,Regular Season,1,1,31.0,17,2,1,1,0,0,1,0,3,5,12,6,0.5,6,3,0.5,3,2,0.667,111,102,0
202083,2018,21800363,2018-12-05 20:00:00,Dallas,Mavericks,New Orleans,Pelicans,Regular Season,0,0,24.0,15,3,2,2,0,0,2,0,1,-21,9,5,0.556,6,2,0.333,5,3,0.6,132,106,0
202083,2018,21800378,2018-12-08 18:00:00,Dallas,Mavericks,Houston,Rockets,Regular Season,1,1,31.0,21,3,3,2,1,0,0,2,1,10,13,6,0.462,7,4,0.571,7,5,0.714,107,104,0
202083,2018,21800397,2018-12-10 20:30:00,Dallas,Mavericks,Orlando,Magic,Regular Season,1,1,25.0,10,2,3,2,1,0,0,0,1,16,10,3,0.3,5,2,0.4,3,2,0.667,101,76,0
202083,2018,21800412,2018-12-12 20:30:00,Dallas,Mavericks,Atlanta,Hawks,Regular Season,1,1,27.0,4,3,0,0,0,1,3,3,3,6,5,1,0.2,3,0,0.0,2,2,1.0,114,107,0
202083,2018,21800419,2018-12-13 22:30:00,Dallas,Mavericks,Phoenix,Suns,Regular Season,0,0,30.0,11,1,3,2,1,0,0,0,3,-6,11,4,0.364,5,1,0.2,4,2,0.5,99,89,0
202083,2018,21800440,2018-12-16 19:00:00,Dallas,Mavericks,Sacramento,Kings,Regular Season,1,0,32.0,13,4,0,0,0,0,2,1,5,-1,13,4,0.308,6,3,0.5,2,2,1.0,113,120,0
202083,2018,21800454,2018-12-18 21:00:00,Dallas,Mavericks,Denver,Nuggets,Regular Season,0,0,31.0,14,4,2,1,1,0,2,2,2,-14,12,4,0.333,5,4,0.8,2,2,1.0,126,118,0
202083,2018,21800468,2018-12-20 22:30:00,Dallas,Mavericks,Los Angeles,Clippers,Regular Season,0,0,27.0,6,1,0,0,0,0,1,1,5,4,7,2,0.286,4,0,0.0,2,2,1.0,125,121,0
202083,2018,21800484,2018-12-22 20:30:00,Dallas,Mavericks,Golden State,Warriors,Regular Season,0,0,35.0,25,4,3,1,2,0,1,2,2,8,15,9,0.6,11,7,0.636,0,0,0.0,120,116,0
202083,2018,21800495,2018-12-23 21:00:00,Dallas,Mavericks,Portland,Trail Blazers,Regular Season,0,0,34.0,8,3,4,4,0,0,0,2,4,0,11,2,0.182,7,2,0.286,2,2,1.0,121,118,0
202083,2018,21800509,2018-12-26 20:30:00,Dallas,Mavericks,New Orleans,Pelicans,Regular Season,1,1,28.0,8,1,3,3,0,0,1,3,4,-1,7,3,0.429,2,0,0.0,2,2,1.0,122,119,0
202083,2018,21800547,2018-12-31 20:00:00,Dallas,Mavericks,Oklahoma City,Thunder,Regular Season,0,0,24.0,7,0,3,3,0,1,2,2,4,-16,9,2,0.222,6,1,0.167,2,2,1.0,122,102,0
202083,2018,21800554,2019-01-02 19:00:00,Dallas,Mavericks,Charlotte,Hornets,Regular Season,0,1,25.0,11,1,3,3,0,1,0,0,1,14,7,3,0.429,5,1,0.2,4,4,1.0,84,122,0
202083,2018,21800566,2019-01-04 20:00:00,Dallas,Mavericks,Boston,Celtics,Regular Season,0,0,30.0,11,2,3,2,1,0,1,3,1,4,7,4,0.571,4,2,0.5,2,1,0.5,114,93,0
202083,2018,21800578,2019-01-05 19:30:00,Dallas,Mavericks,Philadelphia,76ers,Regular Season,0,0,24.0,18,0,2,1,1,0,0,0,5,-17,11,7,0.636,7,4,0.571,0,0,0.0,106,100,0
202083,2018,21800596,2019-01-07 20:30:00,Dallas,Mavericks,Los Angeles,Lakers,Regular Season,1,0,31.0,5,2,2,2,0,0,1,3,2,-7,8,2,0.25,6,1,0.167,0,0,0.0,97,107,0
202083,2018,21800613,2019-01-09 20:30:00,Dallas,Mavericks,Phoenix,Suns,Regular Season,1,1,28.0,14,5,2,2,0,0,0,0,0,11,5,4,0.8,2,2,1.0,4,4,1.0,104,94,0
202083,2018,21800626,2019-01-11 20:00:00,Dallas,Mavericks,Minnesota,Timberwolves,Regular Season,0,1,23.0,4,4,0,0,0,0,0,1,1,-8,10,2,0.2,4,0,0.0,0,0,0.0,115,119,0
202083,2018,21800642,2019-01-13 19:00:00,Dallas,Mavericks,Golden State,Warriors,Regular Season,1,0,23.0,8,5,2,1,1,1,0,2,1,0,11,3,0.273,6,2,0.333,0,0,0.0,114,119,0
202083,2018,21800661,2019-01-16 20:30:00,Dallas,Mavericks,San Antonio,Spurs,Regular Season,1,0,33.0,13,3,3,2,1,0,0,3,0,4,12,5,0.417,7,3,0.429,0,0,0.0,101,105,0
202083,2018,21800681,2019-01-19 19:00:00,Dallas,Mavericks,Indiana,Pacers,Regular Season,0,0,29.0,17,2,3,3,0,0,0,4,3,-4,12,6,0.5,8,3,0.375,2,2,1.0,111,99,0
202083,2018,21800694,2019-01-21 14:00:00,Dallas,Mavericks,Milwaukee,Bucks,Regular Season,0,0,31.0,15,3,3,3,0,4,3,0,1,-12,14,6,0.429,8,3,0.375,0,0,0.0,116,106,0
202083,2018,21800704,2019-01-22 20:30:00,Dallas,Mavericks,Los Angeles,Clippers,Regular Season,1,1,32.0,9,1,1,1,0,0,0,0,2,6,9,3,0.333,4,1,0.25,5,2,0.4,106,98,0
202083,2018,21800726,2019-01-25 20:30:00,Dallas,Mavericks,Detroit,Pistons,Regular Season,1,1,14.0,0,0,1,1,0,0,0,0,1,-12,4,0,0.0,3,0,0.0,0,0,0.0,106,101,0
202083,2018,21800739,2019-01-27 19:00:00,Dallas,Mavericks,Toronto,Raptors,Regular Season,1,0,35.0,12,0,2,2,0,0,0,1,5,1,9,3,0.333,8,2,0.25,5,4,0.8,120,123,0
202083,2018,21800758,2019-01-30 19:30:00,Dallas,Mavericks,New York,Knicks,Regular Season,0,1,26.0,17,1,2,2,0,0,0,0,2,17,11,6,0.545,9,5,0.556,0,0,0.0,90,114,0
202083,2018,21800787,2019-02-03 13:00:00,New York,Knicks,Memphis,Grizzlies,Regular Season,1,0,28.0,5,0,1,1,0,0,0,2,1,11,8,2,0.25,7,1,0.143,0,0,0.0,84,96,0
202083,2018,21800799,2019-02-05 19:30:00,New York,Knicks,Detroit,Pistons,Regular Season,1,0,25.0,9,5,2,1,1,1,1,0,1,-11,11,2,0.182,3,1,0.333,5,4,0.8,92,105,0
202083,2018,21800841,2019-02-11 19:00:00,Indiana,Pacers,Charlotte,Hornets,Regular Season,1,1,29.0,8,3,5,4,1,0,0,1,4,-1,10,2,0.2,7,2,0.286,2,2,1.0,99,90,0
202083,2018,21800854,2019-02-13 19:00:00,Indiana,Pacers,Milwaukee,Bucks,Regular Season,1,0,31.0,8,2,3,3,0,0,1,0,3,-8,6,2,0.333,3,1,0.333,3,3,1.0,97,106,0
202083,2018,21800874,2019-02-22 19:00:00,Indiana,Pacers,New Orleans,Pelicans,Regular Season,1,1,29.0,24,0,2,2,0,0,0,2,3,4,14,7,0.5,11,6,0.545,5,4,0.8,126,111,0
202083,2018,21800886,2019-02-23 19:00:00,Indiana,Pacers,Washington,Wizards,Regular Season,0,1,34.0,14,3,1,1,0,0,2,1,3,2,9,5,0.556,6,2,0.333,2,2,1.0,112,119,0
202083,2018,21800899,2019-02-25 19:00:00,Indiana,Pacers,Detroit,Pistons,Regular Season,0,0,29.0,14,2,1,1,0,1,1,1,2,-2,9,4,0.444,7,4,0.571,2,2,1.0,113,109,0
202083,2018,21800918,2019-02-27 20:30:00,Indiana,Pacers,Dallas,Mavericks,Regular Season,0,0,37.0,20,1,3,3,0,0,1,3,4,-8,13,6,0.462,10,4,0.4,4,4,1.0,110,101,0
202083,2018,21800922,2019-02-28 19:00:00,Indiana,Pacers,Minnesota,Timberwolves,Regular Season,1,1,34.0,12,2,1,1,0,0,2,2,1,6,9,3,0.333,6,3,0.5,3,3,1.0,122,115,0
202083,2018,21800936,2019-03-02 19:00:00,Indiana,Pacers,Orlando,Magic,Regular Season,1,0,31.0,12,4,5,5,0,0,1,1,4,-6,8,3,0.375,7,2,0.286,4,4,1.0,112,117,0
202083,2018,21800959,2019-03-05 19:00:00,Indiana,Pacers,Chicago,Bulls,Regular Season,1,1,33.0,10,4,3,3,0,0,1,2,2,8,10,4,0.4,8,2,0.25,0,0,0.0,105,96,0
202083,2018,21800975,2019-03-07 20:00:00,Indiana,Pacers,Milwaukee,Bucks,Regular Season,0,0,34.0,10,2,3,2,1,0,2,1,3,-8,9,3,0.333,4,2,0.5,4,2,0.5,117,98,0
202083,2018,21800994,2019-03-10 15:30:00,Indiana,Pacers,Philadelphia,76ers,Regular Season,0,0,39.0,5,1,4,4,0,0,1,1,4,-5,7,2,0.286,4,0,0.0,2,1,0.5,106,89,0
202083,2018,21801007,2019-03-12 19:00:00,Indiana,Pacers,New York,Knicks,Regular Season,1,1,36.0,14,1,2,2,0,0,0,1,1,0,8,4,0.5,4,1,0.25,5,5,1.0,103,98,0
202083,2018,21801020,2019-03-14 19:00:00,Indiana,Pacers,Oklahoma City,Thunder,Regular Season,1,1,35.0,16,2,7,5,2,0,2,4,2,5,15,6,0.4,7,4,0.571,0,0,0.0,108,106,0
202083,2018,21801040,2019-03-16 21:00:00,Indiana,Pacers,Denver,Nuggets,Regular Season,0,0,32.0,7,5,5,5,0,1,0,2,3,-1,5,2,0.4,5,2,0.4,2,1,0.5,102,100,0
202083,2018,21801058,2019-03-18 22:30:00,Indiana,Pacers,Portland,Trail Blazers,Regular Season,0,0,30.0,14,2,4,2,2,1,0,0,1,-7,8,4,0.5,5,3,0.6,4,3,0.75,106,98,0
202083,2018,21801064,2019-03-19 22:30:00,Indiana,Pacers,Los Angeles,Clippers,Regular Season,0,0,30.0,12,4,2,1,1,0,1,1,3,-13,12,5,0.417,4,0,0.0,2,2,1.0,115,109,0
202083,2018,21801079,2019-03-21 22:30:00,Indiana,Pacers,Golden State,Warriors,Regular Season,0,0,26.0,3,1,4,3,1,0,0,1,2,-23,9,1,0.111,4,0,0.0,1,1,1.0,112,89,0
202083,2018,21801097,2019-03-24 17:00:00,Indiana,Pacers,Denver,Nuggets,Regular Season,1,1,29.0,8,5,0,0,0,0,0,0,1,25,7,3,0.429,4,2,0.5,0,0,0.0,124,88,0
202083,2018,21801119,2019-03-27 20:00:00,Indiana,Pacers,Oklahoma City,Thunder,Regular Season,0,0,31.0,10,3,3,2,1,1,1,1,5,-16,15,4,0.267,10,2,0.2,0,0,0.0,107,99,0
202083,2018,21801130,2019-03-29 19:00:00,Indiana,Pacers,Boston,Celtics,Regular Season,0,0,27.0,4,2,2,1,1,0,2,2,0,9,5,1,0.2,1,0,0.0,2,2,1.0,114,112,0
202083,2018,21801140,2019-03-30 19:00:00,Indiana,Pacers,Orlando,Magic,Regular Season,1,0,33.0,13,4,2,1,1,0,1,1,2,12,9,5,0.556,4,3,0.75,1,0,0.0,116,121,0
202083,2018,21801183,2019-04-05 20:00:00,Indiana,Pacers,Boston,Celtics,Regular Season,1,0,21.0,10,2,2,2,0,0,0,2,1,-15,10,4,0.4,6,2,0.333,0,0,0.0,97,117,0
202083,2018,21801199,2019-04-07 17:00:00,Indiana,Pacers,Brooklyn,Nets,Regular Season,1,0,24.0,3,0,1,1,0,0,1,1,2,-8,3,1,0.333,3,1,0.333,0,0,0.0,96,108,0
202083,2018,41800131,2019-04-14 13:00:00,Indiana,Pacers,Boston,Celtics,Playoffs,0,0,29.0,8,1,1,1,0,1,1,3,1,-16,8,3,0.375,6,2,0.333,0,0,0.0,84,74,0
202083,2018,41800132,2019-04-17 19:00:00,Indiana,Pacers,Boston,Celtics,Playoffs,0,0,27.0,6,5,3,3,0,0,0,2,3,5,8,2,0.25,6,2,0.333,0,0,0.0,99,91,0
202083,2018,41800133,2019-04-19 20:30:00,Indiana,Pacers,Boston,Celtics,Playoffs,1,0,32.0,11,0,4,4,0,0,1,1,1,-7,7,3,0.429,4,2,0.5,3,3,1.0,96,104,0
202083,2018,41800134,2019-04-21 13:00:00,Indiana,Pacers,Boston,Celtics,Playoffs,1,0,29.0,3,2,2,2,0,0,1,2,1,4,7,1,0.143,5,1,0.2,0,0,0.0,106,110,0
202083,2019,11900016,2019-10-07 20:00:00,Milwaukee,Bucks,Chicago,Bulls,Preseason,0,1,21.0,10,2,4,4,0,0,1,1,1,20,9,4,0.444,5,1,0.2,1,1,1.0,112,122,0
202083,2019,11900029,2019-10-09 20:00:00,Milwaukee,Bucks,Utah,Jazz,Preseason,1,1,17.0,8,2,3,3,0,0,0,0,2,20,6,3,0.5,3,2,0.667,0,0,0.0,133,99,0
202083,2019,11900043,2019-10-11 20:30:00,Milwaukee,Bucks,Dallas,Mavericks,Preseason,0,1,0.0,0,0,0,0,0,0,0,0,0,0,0,0,0.0,0,0,0.0,0,0,0.0,111,118,0
202083,2019,11900051,2019-10-13 18:00:00,Milwaukee,Bucks,Washington,Wizards,Preseason,0,1,24.0,7,4,1,1,0,0,0,5,5,-4,6,2,0.333,3,0,0.0,4,3,0.75,108,115,0
202083,2019,11900071,2019-10-17 20:00:00,Milwaukee,Bucks,Minnesota,Timberwolves,Preseason,1,1,21.0,5,1,4,4,0,2,0,1,0,3,8,2,0.25,6,0,0.0,2,1,0.5,118,96,0
202083,2019,21900015,2019-10-24 20:00:00,Milwaukee,Bucks,Houston,Rockets,Regular Season,0,1,30.0,14,1,4,4,0,1,2,1,0,4,12,6,0.5,8,2,0.25,0,0,0.0,111,117,0
202083,2019,21900026,2019-10-26 17:00:00,Milwaukee,Bucks,Miami,Heat,Regular Season,1,0,30.0,14,1,1,1,0,0,1,0,3,-6,9,5,0.556,7,4,0.571,0,0,0.0,126,131,0
202083,2019,21900046,2019-10-28 20:00:00,Milwaukee,Bucks,Cleveland,Cavaliers,Regular Season,1,1,28.0,14,2,3,3,0,0,1,0,1,21,9,5,0.556,6,2,0.333,2,2,1.0,129,112,0
202083,2019,21900058,2019-10-30 19:30:00,Milwaukee,Bucks,Boston,Celtics,Regular Season,0,0,30.0,3,3,3,3,0,0,0,0,0,-4,8,1,0.125,7,1,0.143,0,0,0.0,116,105,0
202083,2019,21900071,2019-11-01 19:00:00,Milwaukee,Bucks,Orlando,Magic,Regular Season,0,1,19.0,0,0,0,0,0,0,1,0,2,2,1,0,0.0,1,0,0.0,1,0,0.0,91,123,0
202083,2019,21900082,2019-11-02 20:00:00,Milwaukee,Bucks,Toronto,Raptors,Regular Season,1,1,9.0,2,0,2,2,0,0,1,2,1,10,2,1,0.5,1,0,0.0,0,0,0.0,115,105,0
202083,2019,21900094,2019-11-04 20:00:00,Milwaukee,Bucks,Minnesota,Timberwolves,Regular Season,0,1,21.0,8,0,2,1,1,0,2,1,1,29,6,3,0.5,4,2,0.5,0,0,0.0,106,134,0
202083,2019,21900111,2019-11-06 22:00:00,Milwaukee,Bucks,Los Angeles,Clippers,Regular Season,0,1,18.0,0,0,1,1,0,0,0,0,0,8,2,0,0.0,2,0,0.0,0,0,0.0,124,129,0
202083,2019,21900124,2019-11-08 21:00:00,Milwaukee,Bucks,Utah,Jazz,Regular Season,0,0,22.0,3,1,1,1,0,0,0,0,1,5,2,1,0.5,1,1,1.0,0,0,0.0,103,100,0
202083,2019,21900135,2019-11-10 19:00:00,Milwaukee,Bucks,Oklahoma City,Thunder,Regular Season,0,1,31.0,6,2,2,2,0,0,1,1,0,1,5,2,0.4,5,2,0.4,0,0,0.0,119,121,0
202083,2019,21900163,2019-11-14 20:00:00,Milwaukee,Bucks,Chicago,Bulls,Regular Season,1,1,26.0,15,0,4,4,0,0,0,1,1,4,6,2,0.333,5,1,0.2,13,10,0.769,124,115,0
202083,2019,21900176,2019-11-16 19:00:00,Milwaukee,Bucks,Indiana,Pacers,Regular Season,0,1,20.0,5,1,5,5,0,0,0,1,2,8,8,2,0.25,3,1,0.333,0,0,0.0,83,102,0
202083,2019,21900192,2019-11-18 20:00:00,Milwaukee,Bucks,Chicago,Bulls,Regular Season,0,1,17.0,0,1,1,1,0,0,1,2,1,16,0,0,0.0,0,0,0.0,0,0,0.0,101,115,0
202083,2019,21900204,2019-11-20 19:30:00,Milwaukee,Bucks,Atlanta,Hawks,Regular Season,0,1,27.0,10,3,2,2,0,0,1,0,0,3,8,4,0.5,4,2,0.5,0,0,0.0,127,135,0
202083,2019,21900213,2019-11-21 20:00:00,Milwaukee,Bucks,Portland,Trail Blazers,Regular Season,1,1,29.0,12,1,3,2,1,0,0,0,3,2,9,4,0.444,7,4,0.571,0,0,0.0,137,129,0
202083,2019,21900233,2019-11-23 20:30:00,Milwaukee,Bucks,Detroit,Pistons,Regular Season,1,1,22.0,13,3,0,0,0,0,0,3,0,20,7,4,0.571,5,2,0.4,3,3,1.0,104,90,0
202083,2019,21900248,2019-11-25 20:00:00,Milwaukee,Bucks,Utah,Jazz,Regular Season,1,1,31.0,19,2,4,4,0,0,0,2,4,6,9,6,0.667,8,5,0.625,2,2,1.0,122,118,0
202083,2019,21900261,2019-11-27 20:00:00,Milwaukee,Bucks,Atlanta,Hawks,Regular Season,1,1,26.0,10,2,1,1,0,1,0,2,1,0,9,4,0.444,6,2,0.333,0,0,0.0,111,102,0
202083,2019,21900270,2019-11-29 19:30:00,Milwaukee,Bucks,Cleveland,Cavaliers,Regular Season,0,1,27.0,6,4,3,3,0,0,0,1,2,1,6,2,0.333,1,0,0.0,2,2,1.0,110,119,0
202083,2019,21900283,2019-11-30 20:00:00,Milwaukee,Bucks,Charlotte,Hornets,Regular Season,1,1,21.0,14,0,3,3,0,0,0,0,0,30,9,5,0.556,6,3,0.5,1,1,1.0,137,96,0
202083,2019,21900297,2019-12-02 20:00:00,Milwaukee,Bucks,New York,Knicks,Regular Season,1,1,19.0,6,1,1,1,0,0,0,0,2,27,7,2,0.286,5,1,0.2,1,1,1.0,132,88,0
202083,2019,21900307,2019-12-04 19:00:00,Milwaukee,Bucks,Detroit,Pistons,Regular Season,0,1,17.0,8,2,1,1,0,0,1,1,1,9,6,3,0.5,3,0,0.0,2,2,1.0,103,127,0
202083,2019,21900327,2019-12-06 20:30:00,Milwaukee,Bucks,Los Angeles,Clippers,Regular Season,1,1,22.0,9,3,7,5,2,0,0,1,1,18,6,3,0.5,5,3,0.6,0,0,0.0,119,91,0
202083,2019,21900347,2019-12-09 20:00:00,Milwaukee,Bucks,Orlando,Magic,Regular Season,1,1,25.0,6,3,1,1,0,0,1,0,2,12,6,2,0.333,4,2,0.5,0,0,0.0,110,101,0
202083,2019,21900364,2019-12-11 21:30:00,Milwaukee,Bucks,New Orleans,Pelicans,Regular Season,1,1,19.0,9,0,1,1,0,0,1,0,2,12,5,3,0.6,5,3,0.6,0,0,0.0,127,112,0
202083,2019,21900376,2019-12-13 20:00:00,Milwaukee,Bucks,Memphis,Grizzlies,Regular Season,0,1,25.0,4,0,4,3,1,0,0,0,4,4,6,2,0.333,2,0,0.0,0,0,0.0,114,127,0
202083,2019,21900385,2019-12-14 20:30:00,Milwaukee,Bucks,Cleveland,Cavaliers,Regular Season,1,1,17.0,0,1,4,4,0,0,3,0,2,10,3,0,0.0,3,0,0.0,0,0,0.0,125,108,0
202083,2019,21900398,2019-12-16 20:00:00,Milwaukee,Bucks,Dallas,Mavericks,Regular Season,1,0,24.0,6,0,2,1,1,0,1,0,2,-4,6,2,0.333,4,2,0.5,0,0,0.0,116,120,0
202083,2019,21900417,2019-12-19 20:00:00,Milwaukee,Bucks,Los Angeles,Lakers,Regular Season,1,1,30.0,13,2,4,3,1,1,3,2,4,3,9,4,0.444,7,3,0.429,4,2,0.5,111,104,0
202083,2019,21900441,2019-12-22 19:00:00,Milwaukee,Bucks,Indiana,Pacers,Regular Season,1,1,27.0,19,1,1,1,0,1,2,1,1,18,10,5,0.5,8,4,0.5,5,5,1.0,117,89,0
202083,2019,21900456,2019-12-25 14:30:00,Milwaukee,Bucks,Philadelphia,76ers,Regular Season,0,0,24.0,4,3,2,2,0,0,0,0,1,-19,5,2,0.4,1,0,0.0,0,0,0.0,121,109,0
202083,2019,21900469,2019-12-27 19:30:00,Milwaukee,Bucks,Atlanta,Hawks,Regular Season,0,1,19.0,0,1,4,4,0,1,0,0,3,29,3,0,0.0,2,0,0.0,0,0,0.0,86,112,0
202083,2019,21900480,2019-12-28 20:30:00,Milwaukee,Bucks,Orlando,Magic,Regular Season,1,1,20.0,5,1,2,2,0,0,1,2,0,-13,3,2,0.667,1,0,0.0,3,1,0.333,111,100,0
202083,2019,21900531,2020-01-04 20:30:00,Milwaukee,Bucks,San Antonio,Spurs,Regular Season,1,1,26.0,2,1,4,4,0,0,0,0,3,-3,9,1,0.111,6,0,0.0,0,0,0.0,127,118,0
202083,2019,21900546,2020-01-06 20:30:00,Milwaukee,Bucks,San Antonio,Spurs,Regular Season,0,0,28.0,12,2,1,1,0,1,1,0,1,-6,7,4,0.571,6,4,0.667,0,0,0.0,126,104,0
202083,2019,21900562,2020-01-08 22:00:00,Milwaukee,Bucks,Golden State,Warriors,Regular Season,0,1,27.0,3,1,2,2,0,0,0,0,1,7,4,1,0.25,3,1,0.333,0,0,0.0,98,107,0
202083,2019,21900575,2020-01-10 22:00:00,Milwaukee,Bucks,Sacramento,Kings,Regular Season,0,1,20.0,2,2,1,1,0,0,0,1,2,-2,7,1,0.143,6,0,0.0,0,0,0.0,106,127,0
202083,2019,21900583,2020-01-11 22:00:00,Milwaukee,Bucks,Portland,Trail Blazers,Regular Season,0,1,20.0,3,1,3,3,0,0,0,0,1,11,5,1,0.2,5,1,0.2,0,0,0.0,101,122,0
202083,2019,21900601,2020-01-14 20:00:00,Milwaukee,Bucks,New York,Knicks,Regular Season,1,1,26.0,6,2,5,4,1,0,1,0,0,17,9,2,0.222,3,1,0.333,2,1,0.5,128,102,0
202083,2019,21900615,2020-01-16 20:00:00,Milwaukee,Bucks,Boston,Celtics,Regular Season,1,1,28.0,0,1,4,3,1,0,0,0,3,-14,3,0,0.0,1,0,0.0,0,0,0.0,128,123,0
202083,2019,21900627,2020-01-18 18:00:00,Milwaukee,Bucks,Brooklyn,Nets,Regular Season,0,1,26.0,11,3,2,2,0,0,1,1,1,8,7,4,0.571,5,3,0.6,0,0,0.0,97,117,0
202083,2019,21900647,2020-01-20 17:00:00,Milwaukee,Bucks,Chicago,Bulls,Regular Season,1,1,26.0,13,2,2,1,1,0,1,2,1,7,6,4,0.667,5,3,0.6,4,2,0.5,111,98,0
202083,2019,21900669,2020-01-24 15:00:00,Milwaukee,Bucks,Charlotte,Hornets,Regular Season,0,1,17.0,2,1,1,1,0,0,1,2,1,-1,3,1,0.333,2,0,0.0,0,0,0.0,103,116,0
202083,2019,21900705,2020-01-28 20:00:00,Milwaukee,Bucks,Washington,Wizards,Regular Season,1,1,24.0,9,3,3,3,0,0,0,0,3,17,4,2,0.5,2,2,1.0,4,3,0.75,151,131,0
202083,2019,21900724,2020-01-31 21:00:00,Milwaukee,Bucks,Denver,Nuggets,Regular Season,1,0,32.0,9,1,2,2,0,0,0,1,0,-5,8,4,0.5,5,1,0.2,0,0,0.0,115,127,0
202083,2019,21900739,2020-02-02 14:00:00,Milwaukee,Bucks,Phoenix,Suns,Regular Season,1,1,13.0,2,1,1,1,0,0,0,1,4,5,3,0,0.0,2,0,0.0,2,2,1.0,129,108,0
202083,2019,21900751,2020-02-04 19:30:00,Milwaukee,Bucks,New Orleans,Pelicans,Regular Season,0,1,28.0,17,2,2,2,0,1,0,0,1,14,11,6,0.545,9,5,0.556,0,0,0.0,108,120,0
202083,2019,21900766,2020-02-06 20:00:00,Milwaukee,Bucks,Philadelphia,76ers,Regular Season,1,1,31.0,8,1,4,3,1,1,0,3,1,17,5,3,0.6,3,2,0.667,0,0,0.0,112,101,0
202083,2019,21900777,2020-02-08 17:00:00,Milwaukee,Bucks,Orlando,Magic,Regular Season,0,1,33.0,12,0,5,5,0,1,0,0,1,32,10,4,0.4,9,4,0.444,0,0,0.0,95,111,0
202083,2019,21900797,2020-02-10 20:00:00,Milwaukee,Bucks,Sacramento,Kings,Regular Season,1,1,32.0,10,2,3,3,0,0,0,1,3,-1,9,3,0.333,7,2,0.286,2,2,1.0,123,111,0
202083,2019,21900810,2020-02-12 19:30:00,Milwaukee,Bucks,Indiana,Pacers,Regular Season,0,0,19.0,5,0,2,2,0,0,1,0,1,-11,8,2,0.25,5,1,0.2,0,0,0.0,118,111,0
202083,2019,21900820,2020-02-20 19:00:00,Milwaukee,Bucks,Detroit,Pistons,Regular Season,0,1,28.0,5,4,1,0,1,0,0,0,0,10,5,2,0.4,3,1,0.333,0,0,0.0,106,126,0
202083,2019,21900840,2020-02-22 20:30:00,Milwaukee,Bucks,Philadelphia,76ers,Regular Season,1,1,20.0,6,3,3,3,0,0,0,0,3,12,4,2,0.5,4,2,0.5,0,0,0.0,119,98,0
202083,2019,21900851,2020-02-24 19:00:00,Milwaukee,Bucks,Washington,Wizards,Regular Season,0,1,23.0,10,2,0,0,0,0,1,2,0,8,6,3,0.5,5,3,0.6,3,1,0.333,134,137,0
202083,2019,21900858,2020-02-25 19:30:00,Milwaukee,Bucks,Toronto,Raptors,Regular Season,0,1,20.0,7,1,1,1,0,0,0,1,1,2,6,2,0.333,5,1,0.2,2,2,1.0,97,108,0
202083,2019,21900882,2020-02-28 20:00:00,Milwaukee,Bucks,Oklahoma City,Thunder,Regular Season,1,1,27.0,14,3,6,3,3,0,0,0,2,32,11,5,0.455,8,4,0.5,0,0,0.0,133,86,0
202083,2019,21900895,2020-03-01 13:00:00,Milwaukee,Bucks,Charlotte,Hornets,Regular Season,0,1,27.0,8,2,8,4,4,0,2,0,0,11,11,3,0.273,7,2,0.286,0,0,0.0,85,93,0
202083,2019,21900906,2020-03-02 19:30:00,Milwaukee,Bucks,Miami,Heat,Regular Season,0,0,26.0,2,2,2,1,1,0,0,1,2,-12,6,1,0.167,4,0,0.0,0,0,0.0,105,89,0
202083,2019,21900924,2020-03-04 19:00:00,Milwaukee,Bucks,Indiana,Pacers,Regular Season,1,1,25.0,15,0,4,4,0,0,0,0,1,22,10,6,0.6,7,3,0.429,0,0,0.0,119,100,0
202083,2019,21900939,2020-03-06 22:30:00,Milwaukee,Bucks,Los Angeles,Lakers,Regular Season,0,0,26.0,3,1,1,1,0,0,2,0,3,-1,6,1,0.167,6,1,0.167,0,0,0.0,113,103,0
202083,2019,21900950,2020-03-08 18:00:00,Milwaukee,Bucks,Phoenix,Suns,Regular Season,0,0,17.0,5,0,2,2,0,0,0,0,2,-7,5,2,0.4,2,1,0.5,0,0,0.0,140,131,0
202083,2019,21900958,2020-03-09 21:00:00,Milwaukee,Bucks,Denver,Nuggets,Regular Season,0,0,31.0,9,2,6,5,1,0,2,1,1,-10,11,2,0.182,5,1,0.2,5,4,0.8,109,95,0
202083,2019,11900105,2020-07-23 15:00:00,Milwaukee,Bucks,San Antonio,Spurs,Preseason,1,1,0.0,2,0,1,1,0,0,0,0,2,13,2,0,0.0,2,0,0.0,2,2,1.0,113,92,0
202083,2019,11900113,2020-07-25 12:30:00,Milwaukee,Bucks,Sacramento,Kings,Preseason,0,1,17.0,9,2,2,2,0,0,0,2,3,17,6,3,0.5,6,3,0.5,0,0,0.0,123,131,0
202083,2019,11900127,2020-07-27 20:00:00,Milwaukee,Bucks,New Orleans,Pelicans,Preseason,1,0,22.0,6,1,5,5,0,0,1,1,1,3,5,2,0.4,5,2,0.4,0,0,0.0,103,124,0
202083,2019,21901236,2020-07-31 18:30:00,Milwaukee,Bucks,Boston,Celtics,Regular Season,1,1,26.0,9,0,0,0,0,0,0,0,1,12,6,2,0.333,6,2,0.333,3,3,1.0,119,112,0
202083,2019,21901248,2020-08-02 20:30:00,Milwaukee,Bucks,Houston,Rockets,Regular Season,0,0,26.0,3,0,2,2,0,0,0,2,5,14,6,1,0.167,6,1,0.167,0,0,0.0,120,116,0
202083,2019,21901269,2020-08-06 16:00:00,Milwaukee,Bucks,Miami,Heat,Regular Season,1,1,22.0,9,0,1,1,0,0,0,0,2,27,4,3,0.75,3,2,0.667,2,1,0.5,130,116,0
202083,2019,21901284,2020-08-08 20:30:00,Milwaukee,Bucks,Dallas,Mavericks,Regular Season,0,0,28.0,6,1,3,2,1,0,1,0,4,-22,4,2,0.5,4,2,0.5,0,0,0.0,136,132,0
202083,2019,21901294,2020-08-10 18:30:00,Milwaukee,Bucks,Toronto,Raptors,Regular Season,1,0,1.0,0,0,0,0,0,0,0,0,0,-2,1,0,0.0,1,0,0.0,0,0,0.0,106,114,0
202083,2019,41900101,2020-08-18 13:30:00,Milwaukee,Bucks,Orlando,Magic,Playoffs,1,0,25.0,10,2,4,3,1,0,1,0,0,-2,6,4,0.667,4,2,0.5,0,0,0.0,110,122,0
202083,2019,41900102,2020-08-20 18:00:00,Milwaukee,Bucks,Orlando,Magic,Playoffs,1,1,21.0,7,1,0,0,0,0,0,0,3,2,5,2,0.4,5,2,0.4,2,1,0.5,111,96,0
202083,2019,41900103,2020-08-22 13:00:00,Milwaukee,Bucks,Orlando,Magic,Playoffs,0,1,24.0,9,0,1,1,0,0,1,1,2,20,6,3,0.5,6,3,0.5,0,0,0.0,107,121,0
202083,2019,41900104,2020-08-24 13:30:00,Milwaukee,Bucks,Orlando,Magic,Playoffs,0,1,21.0,12,3,2,2,0,0,1,1,4,5,6,4,0.667,6,4,0.667,0,0,0.0,106,121,0
202083,2019,41900105,2020-08-29 15:30:00,Milwaukee,Bucks,Orlando,Magic,Playoffs,1,1,23.0,3,2,2,2,0,0,1,1,2,15,9,1,0.111,7,1,0.143,0,0,0.0,118,104,0
202083,2019,41900201,2020-08-31 18:30:00,Milwaukee,Bucks,Miami,Heat,Playoffs,1,0,23.0,7,0,1,1,0,2,1,1,2,-11,4,2,0.5,3,2,0.667,2,1,0.5,104,115,0
202083,2020,41900202,2020-09-02 18:30:00,Milwaukee,Bucks,Miami,Heat,Playoffs,1,0,30.0,4,0,4,1,3,0,1,3,3,-4,8,2,0.25,2,0,0.0,0,0,0.0,114,116,0
202083,2020,41900203,2020-09-04 18:30:00,Milwaukee,Bucks,Miami,Heat,Playoffs,0,0,21.0,6,0,2,1,1,0,0,0,1,-12,3,2,0.667,3,2,0.667,0,0,0.0,115,100,0
202083,2020,41900204,2020-09-06 15:30:00,Milwaukee,Bucks,Miami,Heat,Playoffs,0,1,24.0,3,0,1,1,0,0,1,0,2,-25,4,1,0.25,4,1,0.25,0,0,0.0,115,118,0
202083,2020,41900205,2020-09-08 18:30:00,Milwaukee,Bucks,Miami,Heat,Playoffs,1,0,28.0,11,1,1,0,1,2,2,0,1,-8,6,3,0.5,3,0,0.0,6,5,0.833,94,103,0
202083,2020,12000004,2020-12-11 22:00:00,Los Angeles,Lakers,Los Angeles,Clippers,Preseason,1,1,22.0,8,0,5,5,0,0,0,2,2,-9,5,2,0.4,2,0,0.0,4,4,1.0,87,81,0
202083,2020,12000018,2020-12-13 20:30:00,Los Angeles,Lakers,Los Angeles,Clippers,Preseason,1,1,0.0,0,0,0,0,0,0,0,0,0,0,0,0,0.0,0,0,0.0,0,0,0.0,131,106,0
202083,2020,12000031,2020-12-16 21:00:00,Los Angeles,Lakers,Phoenix,Suns,Preseason,0,1,23.0,7,1,4,3,1,0,0,0,4,6,7,1,0.143,3,1,0.333,4,4,1.0,107,112,0
202083,2020,12000046,2020-12-18 22:30:00,Los Angeles,Lakers,Phoenix,Suns,Preseason,0,1,19.0,3,0,2,2,0,0,0,1,1,3,3,1,0.333,2,1,0.5,2,0,0.0,113,114,0
202083,2020,22000002,2020-12-22 22:00:00,Los Angeles,Lakers,Los Angeles,Clippers,Regular Season,1,0,11.0,0,0,0,0,0,0,1,0,0,-18,2,0,0.0,2,0,0.0,0,0,0.0,109,116,0
202083,2020,22000008,2020-12-25 20:00:00,Los Angeles,Lakers,Dallas,Mavericks,Regular Season,1,1,16.0,2,0,1,1,0,0,1,0,1,-3,3,1,0.333,2,0,0.0,0,0,0.0,138,115,0
202083,2020,22000040,2020-12-27 22:00:00,Los Angeles,Lakers,Minnesota,Timberwolves,Regular Season,1,1,17.0,4,2,1,1,0,1,0,1,1,16,4,2,0.5,2,0,0.0,1,0,0.0,127,91,0
202083,2020,22000045,2020-12-28 22:00:00,Los Angeles,Lakers,Portland,Trail Blazers,Regular Season,1,0,15.0,2,3,1,1,0,0,0,0,1,-16,3,1,0.333,2,0,0.0,0,0,0.0,107,115,0
202083,2020,22000060,2020-12-30 20:30:00,Los Angeles,Lakers,San Antonio,Spurs,Regular Season,0,1,22.0,18,0,2,1,1,0,0,0,3,8,6,6,1.0,6,6,1.0,0,0,0.0,107,121,0
202083,2020,22000075,2021-01-01 20:00:00,Los Angeles,Lakers,San Antonio,Spurs,Regular Season,0,1,25.0,0,3,2,2,0,1,0,0,3,-1,2,0,0.0,2,0,0.0,0,0,0.0,103,109,0
202083,2020,22000087,2021-01-03 18:00:00,Los Angeles,Lakers,Memphis,Grizzlies,Regular Season,0,1,27.0,14,1,1,0,1,0,2,0,3,3,7,5,0.714,6,4,0.667,0,0,0.0,94,108,0
202083,2020,22000103,2021-01-05 20:00:00,Los Angeles,Lakers,Memphis,Grizzlies,Regular Season,0,1,29.0,4,1,3,2,1,1,0,0,0,-8,4,1,0.25,4,1,0.25,1,1,1.0,92,94,0
202083,2020,22000121,2021-01-07 22:00:00,Los Angeles,Lakers,San Antonio,Spurs,Regular Season,1,0,21.0,3,0,1,1,0,0,0,0,0,8,6,1,0.167,5,1,0.2,0,0,0.0,109,118,0
202083,2020,22000131,2021-01-08 22:00:00,Los Angeles,Lakers,Chicago,Bulls,Regular Season,1,1,33.0,14,1,2,1,1,1,0,0,3,-6,8,4,0.5,8,4,0.5,2,2,1.0,117,115,0
202083,2020,22000146,2021-01-10 19:00:00,Los Angeles,Lakers,Houston,Rockets,Regular Season,0,1,0.0,0,0,0,0,0,0,0,0,0,0,0,0,0.0,0,0,0.0,0,0,0.0,102,120,0
202083,2020,22000187,2021-01-15 22:00:00,Los Angeles,Lakers,New Orleans,Pelicans,Regular Season,1,1,14.0,0,1,0,0,0,0,0,0,1,-6,2,0,0.0,2,0,0.0,0,0,0.0,112,95,0
202083,2020,22000212,2021-01-18 22:00:00,Los Angeles,Lakers,Golden State,Warriors,Regular Season,1,0,14.0,3,0,0,0,0,0,0,0,2,-6,3,1,0.333,1,0,0.0,1,1,1.0,113,115,0
202083,2020,22000226,2021-01-21 19:30:00,Los Angeles,Lakers,Milwaukee,Bucks,Regular Season,0,1,9.0,6,2,0,0,0,0,0,0,0,-2,4,2,0.5,3,2,0.667,0,0,0.0,106,113,0
202083,2020,22000245,2021-01-23 21:00:00,Los Angeles,Lakers,Chicago,Bulls,Regular Season,0,1,18.0,4,0,0,0,0,0,1,0,0,8,3,1,0.333,2,0,0.0,3,2,0.667,90,101,0
202083,2020,22000261,2021-01-25 20:00:00,Los Angeles,Lakers,Cleveland,Cavaliers,Regular Season,0,1,16.0,0,3,1,0,1,0,0,1,1,11,3,0,0.0,3,0,0.0,0,0,0.0,108,115,0
202083,2020,22000276,2021-01-27 19:30:00,Los Angeles,Lakers,Philadelphia,76ers,Regular Season,0,0,19.0,3,0,2,2,0,0,1,1,2,0,3,1,0.333,2,1,0.5,0,0,0.0,107,106,0
202083,2020,22000284,2021-01-28 20:00:00,Los Angeles,Lakers,Detroit,Pistons,Regular Season,0,0,16.0,3,0,1,1,0,0,0,0,1,-7,5,1,0.2,3,1,0.333,0,0,0.0,107,92,0
202083,2020,22000302,2021-01-30 20:30:00,Los Angeles,Lakers,Boston,Celtics,Regular Season,0,1,0.0,0,0,0,0,0,0,0,0,0,0,0,0,0.0,0,0,0.0,0,0,0.0,95,96,0
202083,2020,22000313,2021-02-01 19:30:00,Los Angeles,Lakers,Atlanta,Hawks,Regular Season,0,1,0.0,0,0,0,0,0,0,0,0,0,0,0,0,0.0,0,0,0.0,0,0,0.0,99,107,0
202083,2020,22000341,2021-02-04 22:00:00,Los Angeles,Lakers,Denver,Nuggets,Regular Season,1,1,0.0,0,0,0,0,0,0,0,0,0,0,0,0,0.0,0,0,0.0,0,0,0.0,114,93,0
202083,2020,22000361,2021-02-06 22:00:00,Los Angeles,Lakers,Detroit,Pistons,Regular Season,1,1,0.0,0,0,0,0,0,0,0,0,0,0,0,0,0.0,0,0,0.0,0,0,0.0,135,129,0
202083,2020,22000374,2021-02-08 22:00:00,Los Angeles,Lakers,Oklahoma City,Thunder,Regular Season,1,1,26.0,16,1,3,2,1,1,2,0,4,10,7,5,0.714,5,4,0.8,2,2,1.0,119,112,0
202083,2020,22000390,2021-02-10 22:00:00,Los Angeles,Lakers,Oklahoma City,Thunder,Regular Season,1,1,29.0,10,2,2,1,1,1,1,3,2,-7,9,3,0.333,8,3,0.375,2,1,0.5,114,113,0
202083,2020,22000403,2021-02-12 22:00:00,Los Angeles,Lakers,Memphis,Grizzlies,Regular Season,1,1,22.0,3,2,1,1,0,1,1,0,1,16,2,0,0.0,2,0,0.0,3,3,1.0,115,105,0
202083,2020,22000416,2021-02-14 22:00:00,Los Angeles,Lakers,Denver,Nuggets,Regular Season,0,0,16.0,0,1,4,3,1,1,0,1,3,-18,2,0,0.0,1,0,0.0,0,0,0.0,122,105,0
202083,2020,22000431,2021-02-16 20:00:00,Los Angeles,Lakers,Minnesota,Timberwolves,Regular Season,0,1,22.0,3,2,2,2,0,0,0,1,0,9,2,1,0.5,2,1,0.5,0,0,0.0,104,112,0
202083,2020,22000446,2021-02-18 22:00:00,Los Angeles,Lakers,Brooklyn,Nets,Regular Season,1,0,24.0,2,1,2,1,1,0,0,1,2,-4,4,1,0.25,2,0,0.0,0,0,0.0,98,109,0
202083,2020,22000463,2021-02-20 20:30:00,Los Angeles,Lakers,Miami,Heat,Regular Season,1,0,30.0,10,1,8,6,2,1,1,0,1,6,10,4,0.4,7,2,0.286,0,0,0.0,94,96,0
202083,2020,22000479,2021-02-22 22:00:00,Los Angeles,Lakers,Washington,Wizards,Regular Season,1,0,25.0,0,2,1,1,0,1,1,2,2,-11,3,0,0.0,3,0,0.0,0,0,0.0,124,127,0
202083,2020,22000497,2021-02-24 22:00:00,Los Angeles,Lakers,Utah,Jazz,Regular Season,0,0,16.0,3,2,0,0,0,0,1,0,2,-18,4,1,0.25,4,1,0.25,0,0,0.0,114,89,0
202083,2020,22000512,2021-02-26 22:00:00,Los Angeles,Lakers,Portland,Trail Blazers,Regular Season,1,1,8.0,0,1,0,0,0,0,0,1,1,5,1,0,0.0,1,0,0.0,0,0,0.0,102,93,0
202083,2020,22000527,2021-02-28 20:00:00,Los Angeles,Lakers,Golden State,Warriors,Regular Season,1,1,12.0,0,0,1,1,0,0,0,1,0,11,2,0,0.0,1,0,0.0,0,0,0.0,117,91,0
202083,2020,22000542,2021-03-02 22:00:00,Los Angeles,Lakers,Phoenix,Suns,Regular Season,1,0,22.0,0,0,1,1,0,1,1,1,1,1,2,0,0.0,1,0,0.0,0,0,0.0,104,114,0
202083,2020,22000551,2021-03-03 22:00:00,Los Angeles,Lakers,Sacramento,Kings,Regular Season,0,0,15.0,0,2,1,0,1,0,1,1,2,-12,2,0,0.0,0,0,0.0,0,0,0.0,123,120,0
202083,2020,22000585,2021-03-12 22:30:00,Los Angeles,Lakers,Indiana,Pacers,Regular Season,1,1,21.0,3,0,0,0,0,0,1,1,3,19,3,1,0.333,1,0,0.0,1,1,1.0,105,100,0
202083,2020,22000608,2021-03-15 22:30:00,Los Angeles,Lakers,Golden State,Warriors,Regular Season,0,1,23.0,3,0,0,0,0,1,0,0,2,17,5,1,0.2,5,1,0.2,0,0,0.0,97,128,0
202083,2020,22000615,2021-03-16 22:30:00,Los Angeles,Lakers,Minnesota,Timberwolves,Regular Season,1,1,24.0,6,1,2,2,0,0,0,0,2,20,5,2,0.4,5,2,0.4,0,0,0.0,137,121,0
202083,2020,22000630,2021-03-18 22:30:00,Los Angeles,Lakers,Charlotte,Hornets,Regular Season,1,1,11.0,3,0,2,2,0,1,2,0,1,13,3,1,0.333,3,1,0.333,0,0,0.0,116,105,0
202083,2020,22000640,2021-03-20 15:30:00,Los Angeles,Lakers,Atlanta,Hawks,Regular Season,1,0,18.0,9,0,2,2,0,0,0,1,0,-3,5,3,0.6,4,3,0.75,0,0,0.0,94,99,0
202083,2020,22000651,2021-03-21 22:00:00,Los Angeles,Lakers,Phoenix,Suns,Regular Season,0,0,16.0,0,1,1,1,0,0,0,0,1,-16,5,0,0.0,3,0,0.0,0,0,0.0,111,94,0
202083,2020,22000663,2021-03-23 19:30:00,Los Angeles,Lakers,New Orleans,Pelicans,Regular Season,0,0,20.0,14,1,2,2,0,0,1,0,3,1,9,5,0.556,8,4,0.5,0,0,0.0,128,111,0
202083,2020,22000681,2021-03-25 22:00:00,Los Angeles,Lakers,Philadelphia,76ers,Regular Season,1,0,28.0,3,1,2,2,0,0,2,0,3,1,3,1,0.333,3,1,0.333,0,0,0.0,101,109,0
202083,2020,22000693,2021-03-26 22:30:00,Los Angeles,Lakers,Cleveland,Cavaliers,Regular Season,1,1,18.0,9,0,4,4,0,0,0,0,0,11,4,2,0.5,1,0,0.0,5,5,1.0,100,86,0
202083,2020,22000706,2021-03-28 22:00:00,Los Angeles,Lakers,Orlando,Magic,Regular Season,1,1,15.0,3,3,3,3,0,0,0,1,0,9,5,1,0.2,4,1,0.25,0,0,0.0,96,93,0
202083,2020,22000729,2021-03-31 22:00:00,Los Angeles,Lakers,Milwaukee,Bucks,Regular Season,1,0,25.0,9,1,4,2,2,0,3,0,1,-8,7,3,0.429,7,3,0.429,0,0,0.0,97,112,0
202083,2020,22000746,2021-04-02 22:00:00,Los Angeles,Lakers,Sacramento,Kings,Regular Season,0,1,4.0,0,0,1,1,0,0,0,0,0,-3,3,0,0.0,2,0,0.0,0,0,0.0,94,115,0
202083,2020,22000756,2021-04-04 15:30:00,Los Angeles,Lakers,Los Angeles,Clippers,Regular Season,0,0,0.0,0,0,0,0,0,0,0,0,0,0,0,0,0.0,0,0,0.0,0,0,0.0,104,86,0
202083,2020,22000772,2021-04-06 19:30:00,Los Angeles,Lakers,Toronto,Raptors,Regular Season,0,1,22.0,9,0,5,5,0,0,2,1,1,19,7,2,0.286,6,2,0.333,4,3,0.75,101,110,0
202083,2020,22000784,2021-04-08 19:30:00,Los Angeles,Lakers,Miami,Heat,Regular Season,0,0,28.0,14,1,1,1,0,1,2,2,4,-6,11,4,0.364,8,3,0.375,3,3,1.0,110,104,0
202083,2020,22000800,2021-04-10 20:30:00,Los Angeles,Lakers,Brooklyn,Nets,Regular Season,0,1,0.0,0,0,0,0,0,0,0,0,0,0,0,0,0.0,0,0,0.0,0,0,0.0,101,126,0
202083,2020,22000815,2021-04-12 19:30:00,Los Angeles,Lakers,New York,Knicks,Regular Season,0,0,16.0,2,1,0,0,0,1,0,0,1,-5,3,0,0.0,2,0,0.0,3,2,0.667,111,96,0
202083,2020,22000825,2021-04-13 20:00:00,Los Angeles,Lakers,Charlotte,Hornets,Regular Season,0,1,13.0,7,2,1,1,0,0,2,0,3,7,3,1,0.333,3,1,0.333,4,4,1.0,93,101,0
202083,2020,22000842,2021-04-15 22:00:00,Los Angeles,Lakers,Boston,Celtics,Regular Season,1,0,22.0,3,0,1,1,0,0,2,0,2,-17,7,1,0.143,6,1,0.167,0,0,0.0,113,121,0
202083,2020,22000855,2021-04-17 16:30:00,Los Angeles,Lakers,Utah,Jazz,Regular Season,1,1,6.0,0,0,0,0,0,0,0,0,0,0,1,0,0.0,1,0,0.0,0,0,0.0,127,115,0
202083,2020,22000875,2021-04-19 22:00:00,Los Angeles,Lakers,Utah,Jazz,Regular Season,1,0,12.0,0,0,1,1,0,0,0,1,0,-1,2,0,0.0,2,0,0.0,0,0,0.0,97,111,0
202083,2020,22000897,2021-04-22 21:30:00,Los Angeles,Lakers,Dallas,Mavericks,Regular Season,0,0,0.0,0,0,0,0,0,0,0,0,0,0,0,0,0.0,0,0,0.0,0,0,0.0,115,110,0
202083,2020,22000908,2021-04-24 20:30:00,Los Angeles,Lakers,Dallas,Mavericks,Regular Season,0,0,6.0,2,0,1,1,0,0,0,0,0,3,3,1,0.333,2,0,0.0,0,0,0.0,108,93,0
202083,2020,22000917,2021-04-26 19:00:00,Los Angeles,Lakers,Orlando,Magic,Regular Season,0,1,0.0,0,0,0,0,0,0,0,0,0,0,0,0,0.0,0,0,0.0,0,0,0.0,103,114,0
202083,2020,22000935,2021-04-28 19:30:00,Los Angeles,Lakers,Washington,Wizards,Regular Season,0,0,0.0,0,0,0,0,0,0,0,0,0,0,0,0,0.0,0,0,0.0,0,0,0.0,116,107,0
202083,2020,22000956,2021-04-30 22:30:00,Los Angeles,Lakers,Sacramento,Kings,Regular Season,1,0,0.0,0,0,0,0,0,0,0,0,0,0,0,0,0.0,0,0,0.0,0,0,0.0,106,110,0
202083,2020,22000974,2021-05-02 22:00:00,Los Angeles,Lakers,Toronto,Raptors,Regular Season,1,0,0.0,0,0,0,0,0,0,0,0,0,0,0,0,0.0,0,0,0.0,0,0,0.0,114,121,0
202083,2020,22000982,2021-05-03 22:00:00,Los Angeles,Lakers,Denver,Nuggets,Regular Season,1,1,16.0,8,1,0,0,0,0,1,1,2,7,3,3,1.0,2,2,1.0,0,0,0.0,93,89,0
202083,2020,22001002,2021-05-06 22:00:00,Los Angeles,Lakers,Los Angeles,Clippers,Regular Season,0,0,26.0,6,0,3,2,1,1,0,0,2,-7,7,2,0.286,5,1,0.2,2,1,0.5,118,94,0
202083,2020,22001010,2021-05-07 22:00:00,Los Angeles,Lakers,Portland,Trail Blazers,Regular Season,0,0,17.0,6,2,1,0,1,0,0,0,1,-9,7,2,0.286,5,2,0.4,0,0,0.0,106,101,0
202083,2020,22001024,2021-05-09 22:00:00,Los Angeles,Lakers,Phoenix,Suns,Regular Season,1,1,33.0,9,1,2,1,1,0,1,0,2,13,5,3,0.6,4,2,0.5,1,1,1.0,123,110,0
202083,2020,22001041,2021-05-11 22:00:00,Los Angeles,Lakers,New York,Knicks,Regular Season,1,1,23.0,8,1,6,3,3,1,0,1,2,14,7,3,0.429,5,2,0.4,0,0,0.0,101,99,0
202083,2020,22001046,2021-05-12 22:30:00,Los Angeles,Lakers,Houston,Rockets,Regular Season,1,1,23.0,5,1,3,3,0,0,1,1,0,-7,4,2,0.5,2,1,0.5,0,0,0.0,124,122,0
202083,2020,22001061,2021-05-15 13:00:00,Los Angeles,Lakers,Indiana,Pacers,Regular Season,0,1,12.0,3,2,1,1,0,0,1,0,1,-4,1,0,0.0,1,0,0.0,3,3,1.0,115,122,0
202083,2020,22001072,2021-05-16 21:00:00,Los Angeles,Lakers,New Orleans,Pelicans,Regular Season,0,1,10.0,8,0,0,0,0,0,2,1,0,1,6,3,0.5,5,2,0.4,0,0,0.0,98,110,0
202083,2020,52000121,2021-05-19 22:00:00,Los Angeles,Lakers,Golden State,Warriors,Play-in Tournament,1,1,14.0,3,1,1,0,1,0,0,0,0,17,4,1,0.25,4,1,0.25,0,0,0.0,103,100,0
202083,2020,42000151,2021-05-23 15:30:00,Los Angeles,Lakers,Phoenix,Suns,Playoffs,0,0,11.0,2,0,0,0,0,0,0,0,2,-7,4,1,0.25,3,0,0.0,0,0,0.0,99,90,0
202083,2020,42000152,2021-05-25 22:00:00,Los Angeles,Lakers,Phoenix,Suns,Playoffs,0,1,4.0,0,0,1,1,0,0,0,0,1,-8,2,0,0.0,2,0,0.0,0,0,0.0,102,109,0
202083,2020,42000153,2021-05-27 22:00:00,Los Angeles,Lakers,Phoenix,Suns,Playoffs,1,1,18.0,8,0,0,0,0,0,0,0,2,8,5,2,0.4,4,2,0.5,2,2,1.0,109,95,0
202083,2020,42000154,2021-05-30 15:30:00,Los Angeles,Lakers,Phoenix,Suns,Playoffs,1,0,25.0,6,1,2,1,1,0,0,0,3,-15,5,2,0.4,5,2,0.4,0,0,0.0,92,100,0
202083,2020,42000155,2021-06-01 22:00:00,Los Angeles,Lakers,Phoenix,Suns,Playoffs,0,0,22.0,5,0,1,1,0,0,1,0,3,-10,5,1,0.2,5,1,0.2,2,2,1.0,115,85,0
202083,2020,42000156,2021-06-03 22:30:00,Los Angeles,Lakers,Phoenix,Suns,Playoffs,1,0,28.0,12,1,6,2,4,0,1,0,2,-4,12,4,0.333,6,2,0.333,2,2,1.0,100,113,0
202083,2021,22100344,2021-12-04 20:00:00,Milwaukee,Bucks,Miami,Heat,Regular Season,1,1,11.0,3,0,1,1,0,1,0,1,1,8,3,1,0.333,3,1,0.333,0,0,0.0,124,102,0
202083,2021,22100358,2021-12-06 20:00:00,Milwaukee,Bucks,Cleveland,Cavaliers,Regular Season,1,1,14.0,3,0,2,1,1,0,2,1,2,1,2,1,0.5,2,1,0.5,2,0,0.0,112,104,0
202083,2021,22100370,2021-12-08 19:30:00,Milwaukee,Bucks,Miami,Heat,Regular Season,0,0,11.0,2,1,0,0,0,0,0,0,1,-1,3,1,0.333,1,0,0.0,0,0,0.0,113,104,0
202083,2021,22100386,2021-12-10 20:00:00,Milwaukee,Bucks,Houston,Rockets,Regular Season,0,1,17.0,2,0,2,2,0,0,0,0,2,11,3,1,0.333,2,0,0.0,0,0,0.0,114,123,0
202083,2021,22100473,2021-12-22 20:00:00,Milwaukee,Bucks,Houston,Rockets,Regular Season,1,1,20.0,16,2,1,1,0,1,0,0,2,5,7,6,0.857,5,4,0.8,0,0,0.0,126,106,0
202083,2021,22100481,2021-12-23 20:30:00,Milwaukee,Bucks,Dallas,Mavericks,Regular Season,0,1,18.0,7,0,3,2,1,1,0,0,0,11,8,3,0.375,5,1,0.2,0,0,0.0,95,102,0
202083,2021,22100489,2021-12-25 14:30:00,Milwaukee,Bucks,Boston,Celtics,Regular Season,1,1,17.0,9,0,1,0,1,0,0,0,0,-4,4,3,0.75,2,2,1.0,1,1,1.0,117,113,0
202083,2021,22100508,2021-12-28 19:00:00,Milwaukee,Bucks,Orlando,Magic,Regular Season,0,1,14.0,3,2,3,2,1,0,0,0,3,22,3,1,0.333,2,1,0.5,0,0,0.0,110,127,0
202083,2021,22100526,2021-12-30 19:00:00,Milwaukee,Bucks,Orlando,Magic,Regular Season,0,1,21.0,11,2,3,3,0,0,0,2,1,19,5,3,0.6,5,3,0.6,2,2,1.0,118,136,0
202083,2021,22100539,2022-01-01 18:30:00,Milwaukee,Bucks,New Orleans,Pelicans,Regular Season,1,1,15.0,2,0,0,0,0,0,0,2,1,1,4,1,0.25,3,0,0.0,0,0,0.0,136,113,0
202083,2021,22100556,2022-01-03 20:00:00,Milwaukee,Bucks,Detroit,Pistons,Regular Season,1,0,18.0,4,0,0,0,0,1,0,0,1,11,3,2,0.667,1,0,0.0,0,0,0.0,106,115,0
202083,2021,22100573,2022-01-05 20:00:00,Milwaukee,Bucks,Toronto,Raptors,Regular Season,1,0,28.0,9,1,3,2,1,0,1,0,4,-21,7,3,0.429,7,3,0.429,0,0,0.0,111,117,0
202083,2021,22100583,2022-01-07 19:30:00,Milwaukee,Bucks,Brooklyn,Nets,Regular Season,0,1,29.0,12,1,7,6,1,1,0,1,2,19,9,5,0.556,6,2,0.333,1,0,0.0,109,121,0
202083,2021,22100592,2022-01-08 19:00:00,Milwaukee,Bucks,Charlotte,Hornets,Regular Season,0,0,33.0,9,1,1,0,1,0,2,0,1,5,10,3,0.3,8,3,0.375,0,0,0.0,114,106,0
202083,2021,22100607,2022-01-10 19:00:00,Milwaukee,Bucks,Charlotte,Hornets,Regular Season,0,0,29.0,13,2,4,3,1,0,1,0,2,8,7,5,0.714,4,3,0.75,0,0,0.0,103,99,0
202083,2021,22100627,2022-01-13 19:30:00,Milwaukee,Bucks,Golden State,Warriors,Regular Season,1,1,22.0,6,0,3,3,0,0,1,0,0,16,3,2,0.667,3,2,0.667,0,0,0.0,118,99,0
202083,2021,22100641,2022-01-15 18:30:00,Milwaukee,Bucks,Toronto,Raptors,Regular Season,1,0,30.0,5,1,4,2,2,0,2,0,2,4,10,2,0.2,8,1,0.125,0,0,0.0,96,103,0
202083,2021,22100660,2022-01-17 18:00:00,Milwaukee,Bucks,Atlanta,Hawks,Regular Season,0,0,20.0,3,0,2,1,1,0,1,0,6,2,6,1,0.167,3,1,0.333,0,0,0.0,121,114,0
202083,2021,22100674,2022-01-19 20:00:00,Milwaukee,Bucks,Memphis,Grizzlies,Regular Season,1,1,18.0,7,1,1,1,0,0,0,1,2,13,5,3,0.6,3,1,0.333,0,0,0.0,126,114,0
202083,2021,22100690,2022-01-21 20:00:00,Milwaukee,Bucks,Chicago,Bulls,Regular Season,1,1,18.0,5,2,3,2,1,0,0,1,3,0,3,2,0.667,2,1,0.5,0,0,0.0,94,90,0
202083,2021,22100696,2022-01-22 19:00:00,Milwaukee,Bucks,Sacramento,Kings,Regular Season,1,1,17.0,1,0,1,0,1,0,1,0,1,1,2,0,0.0,1,0,0.0,2,1,0.5,133,127,0
202083,2021,22100744,2022-01-28 22:00:00,Milwaukee,Bucks,New York,Knicks,Regular Season,1,1,13.0,2,0,1,1,0,0,0,0,5,8,3,1,0.333,2,0,0.0,0,0,0.0,123,108,0
202083,2021,22100756,2022-01-30 19:00:00,Milwaukee,Bucks,Denver,Nuggets,Regular Season,1,0,17.0,2,1,2,1,1,0,0,0,3,-8,3,0,0.0,2,0,0.0,2,2,1.0,100,136,0
202083,2021,22100768,2022-02-01 19:30:00,Milwaukee,Bucks,Washington,Wizards,Regular Season,1,1,14.0,2,0,1,1,0,0,1,0,2,-7,6,1,0.167,4,0,0.0,0,0,0.0,112,98,0
202083,2021,22100800,2022-02-05 22:00:00,Milwaukee,Bucks,Portland,Trail Blazers,Regular Season,0,1,9.0,0,1,0,0,0,0,0,1,0,-7,2,0,0.0,2,0,0.0,0,0,0.0,108,137,0
202083,2021,22100809,2022-02-06 21:00:00,Milwaukee,Bucks,Los Angeles,Clippers,Regular Season,0,1,21.0,3,0,3,2,1,0,0,0,2,16,3,1,0.333,3,1,0.333,0,0,0.0,113,137,0
202083,2021,22100822,2022-02-08 22:00:00,Milwaukee,Bucks,Los Angeles,Lakers,Regular Season,0,1,14.0,0,1,1,1,0,0,0,0,3,4,2,0,0.0,1,0,0.0,0,0,0.0,116,131,0
202083,2021,22100836,2022-02-10 22:00:00,Milwaukee,Bucks,Phoenix,Suns,Regular Season,0,0,14.0,3,0,0,0,0,0,0,0,2,-7,1,1,1.0,1,1,1.0,0,0,0.0,131,107,0
202083,2021,22100862,2022-02-14 20:00:00,Milwaukee,Bucks,Portland,Trail Blazers,Regular Season,1,0,17.0,0,0,1,1,0,0,1,1,1,-16,3,0,0.0,3,0,0.0,0,0,0.0,107,122,0
202083,2021,22100870,2022-02-15 20:00:00,Milwaukee,Bucks,Indiana,Pacers,Regular Season,1,1,0.0,0,0,0,0,0,0,0,0,0,0,0,0,0.0,0,0,0.0,0,0,0.0,128,119,0
202083,2021,22100887,2022-02-17 20:30:00,Milwaukee,Bucks,Philadelphia,76ers,Regular Season,1,0,19.0,3,1,1,1,0,0,0,0,3,-5,3,1,0.333,3,1,0.333,0,0,0.0,120,123,0
202083,2021,22100910,2022-02-26 20:30:00,Milwaukee,Bucks,Brooklyn,Nets,Regular Season,1,0,27.0,5,1,2,2,0,0,1,0,2,-18,4,2,0.5,3,1,0.333,0,0,0.0,123,126,0
202083,2021,22100924,2022-02-28 20:00:00,Milwaukee,Bucks,Charlotte,Hornets,Regular Season,1,1,16.0,2,2,5,4,1,0,0,2,0,11,4,0,0.0,3,0,0.0,2,2,1.0,130,106,0
202083,2021,22100936,2022-03-02 20:00:00,Milwaukee,Bucks,Miami,Heat,Regular Season,1,1,28.0,5,0,1,1,0,0,0,0,4,12,6,1,0.167,4,1,0.25,2,2,1.0,120,119,0
202083,2021,22100949,2022-03-04 19:30:00,Milwaukee,Bucks,Chicago,Bulls,Regular Season,0,1,23.0,7,1,1,0,1,0,1,0,1,4,7,2,0.286,4,1,0.25,2,2,1.0,112,118,0
202083,2021,22100979,2022-03-08 20:00:00,Milwaukee,Bucks,Oklahoma City,Thunder,Regular Season,0,1,5.0,0,0,0,0,0,0,0,1,0,0,0,0,0.0,0,0,0.0,0,0,0.0,115,142,0
202083,2021,22100984,2022-03-09 20:00:00,Milwaukee,Bucks,Atlanta,Hawks,Regular Season,1,1,20.0,4,0,2,1,1,0,0,0,2,8,6,2,0.333,3,0,0.0,0,0,0.0,124,115,0
202083,2021,22101008,2022-03-12 20:30:00,Milwaukee,Bucks,Golden State,Warriors,Regular Season,0,0,23.0,0,1,3,2,1,0,0,0,1,-3,5,0,0.0,4,0,0.0,0,0,0.0,122,109,0
202083,2021,22101027,2022-03-14 22:00:00,Milwaukee,Bucks,Utah,Jazz,Regular Season,0,1,25.0,6,0,2,2,0,0,0,1,2,10,3,2,0.667,3,2,0.667,0,0,0.0,111,117,0
202083,2021,22101043,2022-03-16 22:00:00,Milwaukee,Bucks,Sacramento,Kings,Regular Season,0,1,20.0,8,2,6,3,3,0,3,1,2,6,4,2,0.5,3,2,0.667,3,2,0.667,126,135,0
202083,2021,22101058,2022-03-19 17:00:00,Milwaukee,Bucks,Minnesota,Timberwolves,Regular Season,0,0,16.0,9,1,2,1,1,0,1,0,1,-14,5,3,0.6,5,3,0.6,0,0,0.0,138,119,0
202083,2021,22101082,2022-03-22 20:00:00,Milwaukee,Bucks,Chicago,Bulls,Regular Season,1,1,24.0,11,2,2,1,1,0,0,0,0,8,8,4,0.5,4,2,0.5,2,1,0.5,126,98,0
202083,2021,22101097,2022-03-24 20:00:00,Milwaukee,Bucks,Washington,Wizards,Regular Season,1,1,27.0,0,1,1,0,1,0,1,0,0,7,1,0,0.0,1,0,0.0,0,0,0.0,114,102,0
202083,2021,22101112,2022-03-26 20:00:00,Milwaukee,Bucks,Memphis,Grizzlies,Regular Season,0,0,17.0,0,1,0,0,0,1,1,0,2,-8,2,0,0.0,2,0,0.0,0,0,0.0,127,102,0
202083,2021,22101131,2022-03-29 19:00:00,Milwaukee,Bucks,Philadelphia,76ers,Regular Season,0,1,25.0,5,1,3,1,2,0,1,0,2,-1,5,2,0.4,2,1,0.5,0,0,0.0,116,118,0
202083,2021,22101148,2022-03-31 19:30:00,Milwaukee,Bucks,Brooklyn,Nets,Regular Season,0,1,35.0,11,0,2,0,2,1,0,0,2,-3,9,4,0.444,7,3,0.429,0,0,0.0,119,120,0
202083,2021,22101156,2022-04-01 20:00:00,Milwaukee,Bucks,Los Angeles,Clippers,Regular Season,1,0,0.0,0,0,0,0,0,0,0,0,0,0,0,0,0.0,0,0,0.0,0,0,0.0,119,153,0
202083,2021,22101167,2022-04-03 13:00:00,Milwaukee,Bucks,Dallas,Mavericks,Regular Season,1,0,17.0,2,1,1,1,0,0,0,1,2,-27,4,0,0.0,3,0,0.0,2,2,1.0,112,118,0
202083,2021,22101183,2022-04-05 20:00:00,Milwaukee,Bucks,Chicago,Bulls,Regular Season,0,1,22.0,11,0,2,2,0,0,0,1,1,6,4,3,0.75,4,3,0.75,2,2,1.0,106,127,0
202083,2021,22101198,2022-04-07 19:30:00,Milwaukee,Bucks,Boston,Celtics,Regular Season,1,1,27.0,7,1,1,0,1,1,1,0,4,6,4,2,0.5,3,1,0.333,2,2,1.0,127,121,0
202083,2021,22101203,2022-04-08 19:00:00,Milwaukee,Bucks,Detroit,Pistons,Regular Season,0,1,21.0,9,1,1,1,0,0,0,0,1,26,6,4,0.667,2,0,0.0,1,1,1.0,101,131,0
202083,2021,22101218,2022-04-10 15:30:00,Milwaukee,Bucks,Cleveland,Cavaliers,Regular Season,0,0,0.0,0,0,0,0,0,0,0,0,0,0,0,0,0.0,0,0,0.0,0,0,0.0,133,115,0
202083,2021,42100121,2022-04-17 18:30:00,Milwaukee,Bucks,Chicago,Bulls,Playoffs,1,1,26.0,6,1,5,5,0,0,0,2,2,9,3,2,0.667,3,2,0.667,0,0,0.0,93,86,0
202083,2021,42100122,2022-04-20 21:30:00,Milwaukee,Bucks,Chicago,Bulls,Playoffs,1,0,34.0,11,1,2,2,0,2,0,0,3,-13,7,4,0.571,6,3,0.5,2,0,0.0,110,114,0
202083,2021,42100123,2022-04-22 20:30:00,Milwaukee,Bucks,Chicago,Bulls,Playoffs,0,1,24.0,3,1,3,1,2,0,1,1,3,14,3,1,0.333,3,1,0.333,0,0,0.0,81,111,0
202083,2021,42100124,2022-04-24 13:00:00,Milwaukee,Bucks,Chicago,Bulls,Playoffs,0,1,26.0,6,1,3,3,0,0,0,0,3,10,6,2,0.333,5,2,0.4,0,0,0.0,95,119,0
202083,2021,42100125,2022-04-27 19:30:00,Milwaukee,Bucks,Chicago,Bulls,Playoffs,1,1,27.0,8,4,1,1,0,0,4,0,1,16,6,3,0.5,4,2,0.5,0,0,0.0,116,100,0
202083,2021,42100211,2022-05-01 13:00:00,Milwaukee,Bucks,Boston,Celtics,Playoffs,0,1,28.0,5,2,2,2,0,0,1,1,2,-1,7,2,0.286,6,1,0.167,0,0,0.0,89,101,0
202083,2021,42100212,2022-05-03 19:00:00,Milwaukee,Bucks,Boston,Celtics,Playoffs,0,0,29.0,4,0,4,4,0,0,0,0,1,-24,2,1,0.5,1,0,0.0,2,2,1.0,109,86,0
202083,2021,42100213,2022-05-07 15:30:00,Milwaukee,Bucks,Boston,Celtics,Playoffs,1,1,32.0,3,0,4,1,3,0,0,0,4,11,5,1,0.2,2,1,0.5,0,0,0.0,103,101,0
202083,2021,42100214,2022-05-09 19:30:00,Milwaukee,Bucks,Boston,Celtics,Playoffs,1,0,28.0,12,0,0,0,0,1,2,0,4,7,5,3,0.6,4,3,0.75,3,3,1.0,108,116,0
202083,2021,42100215,2022-05-11 19:00:00,Milwaukee,Bucks,Boston,Celtics,Playoffs,0,1,36.0,9,2,7,4,3,0,1,0,0,6,9,3,0.333,6,3,0.5,0,0,0.0,107,110,0
202083,2021,42100216,2022-05-13 19:30:00,Milwaukee,Bucks,Boston,Celtics,Playoffs,1,0,27.0,4,2,4,4,0,0,0,1,2,-4,6,2,0.333,2,0,0.0,0,0,0.0,95,108,0
202083,2021,42100217,2022-05-15 15:30:00,Milwaukee,Bucks,Boston,Celtics,Playoffs,0,0,21.0,3,0,2,1,1,0,0,1,2,-23,5,1,0.2,3,0,0.0,2,1,0.5,109,81,0
202083,2022,12200003,2022-10-01 20:00:00,Milwaukee,Bucks,Memphis,Grizzlies,Preseason,1,0,0.0,0,0,0,0,0,0,0,0,0,0,0,0,0.0,0,0,0.0,0,0,0.0,102,107,0
202083,2022,12200023,2022-10-06 12:00:00,Milwaukee,Bucks,Atlanta,Hawks,Preseason,0,0,0.0,0,0,0,0,0,0,0,0,0,0,0,0,0.0,0,0,0.0,0,0,0.0,123,113,0
202083,2022,12200036,2022-10-08 12:00:00,Milwaukee,Bucks,Atlanta,Hawks,Preseason,1,0,0.0,0,0,0,0,0,0,0,0,0,0,0,0,0.0,0,0,0.0,0,0,0.0,109,118,0
202083,2022,12200056,2022-10-12 19:30:00,Milwaukee,Bucks,Brooklyn,Nets,Preseason,1,0,0.0,0,0,0,0,0,0,0,0,0,0,0,0,0.0,0,0,0.0,0,0,0.0,97,107,0
202083,2022,22200015,2022-10-20 19:30:00,Milwaukee,Bucks,Philadelphia,76ers,Regular Season,0,1,20.0,8,2,5,2,3,1,0,0,1,2,6,3,0.5,4,2,0.5,0,0,0.0,88,90,0
202083,2022,22200033,2022-10-22 20:00:00,Milwaukee,Bucks,Houston,Rockets,Regular Season,1,1,12.0,0,0,1,1,0,0,0,0,1,10,1,0,0.0,1,0,0.0,0,0,0.0,125,105,0
202083,2022,22200060,2022-10-26 19:30:00,Milwaukee,Bucks,Brooklyn,Nets,Regular Season,1,1,21.0,7,1,0,0,0,0,0,1,5,-3,7,2,0.286,7,2,0.286,2,1,0.5,110,99,0
202083,2022,22200075,2022-10-28 20:00:00,Milwaukee,Bucks,New York,Knicks,Regular Season,1,1,4.0,2,0,1,1,0,0,2,0,0,-1,1,0,0.0,0,0,0.0,2,2,1.0,119,108,0
202083,2022,22200085,2022-10-29 20:00:00,Milwaukee,Bucks,Atlanta,Hawks,Regular Season,1,1,17.0,5,1,7,3,4,1,1,2,1,14,5,2,0.4,3,1,0.333,0,0,0.0,123,115,0
202083,2022,22200100,2022-10-31 20:00:00,Milwaukee,Bucks,Detroit,Pistons,Regular Season,1,1,20.0,3,0,3,2,1,0,0,0,3,-3,3,1,0.333,3,1,0.333,0,0,0.0,110,108,0
202083,2022,22200113,2022-11-02 20:00:00,Milwaukee,Bucks,Detroit,Pistons,Regular Season,1,1,14.0,3,0,0,0,0,0,2,2,1,6,4,1,0.25,4,1,0.25,0,0,0.0,116,91,0
202083,2022,22200129,2022-11-04 22:00:00,Milwaukee,Bucks,Minnesota,Timberwolves,Regular Season,0,1,10.0,3,1,1,1,0,0,1,0,3,-7,1,1,1.0,1,1,1.0,0,0,0.0,102,115,0
202083,2022,22200136,2022-11-05 20:00:00,Milwaukee,Bucks,Oklahoma City,Thunder,Regular Season,1,1,13.0,0,1,5,1,4,0,0,0,0,2,3,0,0.0,2,0,0.0,0,0,0.0,108,94,0
202083,2022,22200149,2022-11-07 20:15:00,Milwaukee,Bucks,Atlanta,Hawks,Regular Season,0,0,13.0,6,1,1,1,0,0,0,0,2,-11,5,2,0.4,4,2,0.5,0,0,0.0,117,98,0
202083,2022,22200168,2022-11-09 20:00:00,Milwaukee,Bucks,Oklahoma City,Thunder,Regular Season,0,1,29.0,5,0,4,3,1,0,0,1,3,-3,4,2,0.5,1,1,1.0,0,0,0.0,132,136,0
202083,2022,22200180,2022-11-11 20:00:00,Milwaukee,Bucks,San Antonio,Spurs,Regular Season,0,0,22.0,2,1,2,2,0,2,3,0,1,4,5,0,0.0,5,0,0.0,2,2,1.0,111,93,0
202083,2022,22200204,2022-11-14 20:00:00,Milwaukee,Bucks,Atlanta,Hawks,Regular Season,1,0,12.0,0,0,0,0,0,0,0,0,1,-12,3,0,0.0,2,0,0.0,0,0,0.0,106,121,0
202083,2022,22200267,2022-11-23 20:00:00,Milwaukee,Bucks,Chicago,Bulls,Regular Season,1,0,16.0,6,0,0,0,0,0,0,0,2,-12,3,2,0.667,3,2,0.667,0,0,0.0,113,118,0
202083,2022,22200280,2022-11-25 20:00:00,Milwaukee,Bucks,Cleveland,Cavaliers,Regular Season,1,1,17.0,5,1,1,0,1,0,0,0,2,25,4,2,0.5,3,1,0.333,0,0,0.0,117,102,0
202083,2022,22200298,2022-11-27 20:00:00,Milwaukee,Bucks,Dallas,Mavericks,Regular Season,1,1,8.0,0,0,1,0,1,0,0,0,2,1,1,0,0.0,1,0,0.0,0,0,0.0,124,115,0
202083,2022,22200316,2022-11-30 19:30:00,Milwaukee,Bucks,New York,Knicks,Regular Season,0,1,12.0,2,0,1,1,0,0,0,0,0,-2,1,0,0.0,1,0,0.0,2,2,1.0,103,109,0
202083,2022,22200331,2022-12-02 19:30:00,Milwaukee,Bucks,Los Angeles,Lakers,Regular Season,1,0,10.0,0,1,1,1,0,0,0,0,2,1,2,0,0.0,2,0,0.0,0,0,0.0,129,133,0
202083,2022,22200339,2022-12-03 18:00:00,Milwaukee,Bucks,Charlotte,Hornets,Regular Season,0,1,0.0,0,0,0,0,0,0,0,0,0,0,0,0,0.0,0,0,0.0,0,0,0.0,96,105,0
202083,2022,22200353,2022-12-05 19:00:00,Milwaukee,Bucks,Orlando,Magic,Regular Season,0,1,0.0,0,0,0,0,0,0,0,0,0,0,0,0,0.0,0,0,0.0,0,0,0.0,102,109,0
202083,2022,22200410,2022-12-13 19:30:00,Milwaukee,Bucks,Golden State,Warriors,Regular Season,1,1,13.0,5,1,1,1,0,0,1,1,0,3,2,2,1.0,1,1,1.0,0,0,0.0,128,111,0
202083,2022,22200425,2022-12-15 20:00:00,Milwaukee,Bucks,Memphis,Grizzlies,Regular Season,0,0,5.0,0,0,0,0,0,0,0,0,0,-5,0,0,0.0,0,0,0.0,0,0,0.0,142,101,0
202083,2022,22200442,2022-12-17 20:00:00,Milwaukee,Bucks,Utah,Jazz,Regular Season,1,1,13.0,6,0,1,0,1,0,1,0,1,1,4,2,0.5,4,2,0.5,0,0,0.0,123,97,0
202083,2022,22200457,2022-12-19 20:00:00,Milwaukee,Bucks,New Orleans,Pelicans,Regular Season,0,1,16.0,3,1,0,0,0,0,0,0,4,7,1,1,1.0,1,1,1.0,0,0,0.0,119,128,0
202083,2022,22200466,2022-12-21 19:00:00,Milwaukee,Bucks,Cleveland,Cavaliers,Regular Season,0,0,3.0,0,0,0,0,0,0,0,1,0,-9,0,0,0.0,0,0,0.0,0,0,0.0,114,106,0
202083,2022,22200483,2022-12-23 19:30:00,Milwaukee,Bucks,Brooklyn,Nets,Regular Season,0,0,0.0,0,0,0,0,0,0,0,0,0,0,0,0,0.0,0,0,0.0,0,0,0.0,118,100,0
202083,2022,22200495,2022-12-25 17:00:00,Milwaukee,Bucks,Boston,Celtics,Regular Season,0,0,14.0,2,3,0,0,0,0,1,0,2,-8,2,0,0.0,2,0,0.0,2,2,1.0,139,118,0
202083,2022,22200519,2022-12-28 20:00:00,Milwaukee,Bucks,Chicago,Bulls,Regular Season,0,0,30.0,3,1,6,3,3,2,1,1,2,1,5,1,0.2,4,1,0.25,0,0,0.0,119,113,0
202083,2022,22200533,2022-12-30 20:00:00,Milwaukee,Bucks,Minnesota,Timberwolves,Regular Season,1,1,0.0,0,0,0,0,0,0,0,0,0,0,0,0,0.0,0,0,0.0,0,0,0.0,123,114,0
202083,2022,22200548,2023-01-01 20:00:00,Milwaukee,Bucks,Washington,Wizards,Regular Season,1,0,0.0,0,0,0,0,0,0,0,0,0,0,0,0,0.0,0,0,0.0,0,0,0.0,95,118,0
202083,2022,22200561,2023-01-03 20:00:00,Milwaukee,Bucks,Washington,Wizards,Regular Season,1,1,0.0,0,0,0,0,0,0,0,0,0,0,0,0,0.0,0,0,0.0,0,0,0.0,123,113,0
202083,2022,22200569,2023-01-04 19:30:00,Milwaukee,Bucks,Toronto,Raptors,Regular Season,0,1,0.0,0,0,0,0,0,0,0,0,0,0,0,0,0.0,0,0,0.0,0,0,0.0,101,104,0
202083,2022,22200583,2023-01-06 20:00:00,Milwaukee,Bucks,Charlotte,Hornets,Regular Season,1,0,9.0,0,0,0,0,0,0,1,1,0,-4,2,0,0.0,2,0,0.0,0,0,0.0,109,138,0
202083,2022,22200607,2023-01-09 19:30:00,Milwaukee,Bucks,New York,Knicks,Regular Season,0,1,0.0,0,0,0,0,0,0,0,0,0,0,0,0,0.0,0,0,0.0,0,0,0.0,107,111,0
202083,2022,22200620,2023-01-11 19:30:00,Milwaukee,Bucks,Atlanta,Hawks,Regular Season,0,1,0.0,0,0,0,0,0,0,0,0,0,0,0,0,0.0,0,0,0.0,0,0,0.0,105,114,0
202083,2022,22200628,2023-01-12 19:30:00,Milwaukee,Bucks,Miami,Heat,Regular Season,0,0,0.0,0,0,0,0,0,0,0,0,0,0,0,0,0.0,0,0,0.0,0,0,0.0,108,102,0
202083,2022,22200641,2023-01-14 13:00:00,Milwaukee,Bucks,Miami,Heat,Regular Season,0,0,0.0,0,0,0,0,0,0,0,0,0,0,0,0,0.0,0,0,0.0,0,0,0.0,111,95,0
202083,2022,22200657,2023-01-16 14:30:00,Milwaukee,Bucks,Indiana,Pacers,Regular Season,1,1,6.0,2,1,1,1,0,0,0,0,0,4,1,1,1.0,0,0,0.0,0,0,0.0,132,119,0
202083,2022,22200665,2023-01-17 19:30:00,Milwaukee,Bucks,Toronto,Raptors,Regular Season,1,1,0.0,0,0,0,0,0,0,0,0,0,0,0,0,0.0,0,0,0.0,0,0,0.0,130,122,0
202083,2022,22200695,2023-01-21 19:30:00,Milwaukee,Bucks,Cleveland,Cavaliers,Regular Season,0,0,0.0,0,0,0,0,0,0,0,0,0,0,0,0,0.0,0,0,0.0,0,0,0.0,114,102,0
202083,2022,22200706,2023-01-23 19:00:00,Milwaukee,Bucks,Detroit,Pistons,Regular Season,0,1,6.0,6,1,0,0,0,0,0,1,2,-9,2,2,1.0,2,2,1.0,0,0,0.0,130,150,0
202083,2022,22200723,2023-01-25 20:00:00,Milwaukee,Bucks,Denver,Nuggets,Regular Season,1,1,15.0,3,0,3,3,0,1,0,0,1,6,3,1,0.333,3,1,0.333,0,0,0.0,107,99,0
202083,2022,22200736,2023-01-27 19:00:00,Milwaukee,Bucks,Indiana,Pacers,Regular Season,0,1,20.0,3,0,4,1,3,0,1,1,1,2,4,1,0.25,3,1,0.333,0,0,0.0,131,141,0
202083,2022,22200755,2023-01-29 20:00:00,Milwaukee,Bucks,New Orleans,Pelicans,Regular Season,1,1,19.0,8,0,9,8,1,0,0,0,0,31,6,3,0.5,4,2,0.5,0,0,0.0,135,110,0
202083,2022,22200767,2023-01-31 20:00:00,Milwaukee,Bucks,Charlotte,Hornets,Regular Season,1,1,16.0,11,1,6,3,3,1,0,0,2,28,6,3,0.5,5,3,0.6,2,2,1.0,124,115,0
202083,2022,22200784,2023-02-02 22:00:00,Milwaukee,Bucks,Los Angeles,Clippers,Regular Season,1,1,24.0,3,0,1,1,0,0,1,0,0,8,4,0,0.0,4,0,0.0,4,3,0.75,106,105,0
202083,2022,22200797,2023-02-04 20:00:00,Milwaukee,Bucks,Miami,Heat,Regular Season,1,1,19.0,1,0,4,4,0,0,0,2,1,-5,2,0,0.0,1,0,0.0,2,1,0.5,123,115,0
202083,2022,22200815,2023-02-06 22:00:00,Milwaukee,Bucks,Portland,Trail Blazers,Regular Season,0,1,22.0,6,0,4,3,1,1,0,0,1,5,5,2,0.4,4,2,0.5,0,0,0.0,108,127,0
202083,2022,22200834,2023-02-09 22:00:00,Milwaukee,Bucks,Los Angeles,Lakers,Regular Season,0,1,22.0,2,1,6,4,2,1,1,0,2,16,5,1,0.2,3,0,0.0,0,0,0.0,106,115,0
202083,2022,22200845,2023-02-10 22:30:00,Milwaukee,Bucks,Los Angeles,Clippers,Regular Season,0,1,18.0,0,0,2,2,0,0,0,0,1,-10,1,0,0.0,1,0,0.0,0,0,0.0,106,119,0
202083,2022,22200869,2023-02-14 19:30:00,Milwaukee,Bucks,Boston,Celtics,Regular Season,1,1,9.0,0,0,2,1,1,0,0,0,1,-7,1,0,0.0,1,0,0.0,0,0,0.0,131,125,0
202083,2022,22200883,2023-02-16 19:30:00,Milwaukee,Bucks,Chicago,Bulls,Regular Season,0,1,19.0,5,0,3,3,0,0,0,1,4,-5,3,1,0.333,3,1,0.333,2,2,1.0,100,112,0
202083,2022,22201026,2023-03-13 22:00:00,Milwaukee,Bucks,Sacramento,Kings,Regular Season,0,1,0.0,0,0,0,0,0,0,0,0,0,0,0,0,0.0,0,0,0.0,0,0,0.0,124,133,0
202083,2022,22201033,2023-03-14 22:00:00,Milwaukee,Bucks,Phoenix,Suns,Regular Season,0,1,10.0,2,0,1,1,0,0,0,0,1,-4,2,1,0.5,1,0,0.0,0,0,0.0,104,116,0
202083,2022,22201045,2023-03-16 20:00:00,Milwaukee,Bucks,Indiana,Pacers,Regular Season,1,0,13.0,8,1,1,1,0,0,0,1,3,-18,5,3,0.6,4,2,0.5,0,0,0.0,123,139,0
202083,2022,22201068,2023-03-19 20:00:00,Milwaukee,Bucks,Toronto,Raptors,Regular Season,1,1,0.0,0,0,0,0,0,0,0,0,0,0,0,0,0.0,0,0,0.0,0,0,0.0,118,111,0
202083,2022,22201089,2023-03-22 20:00:00,Milwaukee,Bucks,San Antonio,Spurs,Regular Season,1,1,12.0,3,2,4,3,1,0,0,0,2,8,2,1,0.5,2,1,0.5,0,0,0.0,130,94,0
202083,2022,22201102,2023-03-24 21:00:00,Milwaukee,Bucks,Utah,Jazz,Regular Season,0,1,23.0,2,1,2,2,0,1,0,0,1,3,3,1,0.333,2,0,0.0,0,0,0.0,116,144,0
202083,2022,22201109,2023-03-25 21:00:00,Milwaukee,Bucks,Denver,Nuggets,Regular Season,0,0,11.0,2,1,0,0,0,0,0,0,0,-8,1,0,0.0,1,0,0.0,2,2,1.0,129,106,0
202083,2022,22201122,2023-03-27 19:00:00,Milwaukee,Bucks,Detroit,Pistons,Regular Season,0,1,15.0,4,1,2,2,0,1,2,0,2,8,3,1,0.333,2,0,0.0,2,2,1.0,117,126,0
202083,2022,22201136,2023-03-29 19:00:00,Milwaukee,Bucks,Indiana,Pacers,Regular Season,0,1,20.0,7,1,1,1,0,0,0,0,1,14,4,3,0.75,2,1,0.5,0,0,0.0,136,149,0
202083,2022,22201146,2023-03-30 19:30:00,Milwaukee,Bucks,Boston,Celtics,Regular Season,1,0,15.0,4,3,2,1,1,0,0,1,2,-8,5,2,0.4,3,0,0.0,0,0,0.0,99,140,0
202083,2022,22201174,2023-04-02 20:00:00,Milwaukee,Bucks,Philadelphia,76ers,Regular Season,1,1,1.0,0,0,1,1,0,0,0,0,0,-6,0,0,0.0,0,0,0.0,0,0,0.0,117,104,0
202083,2022,22201179,2023-04-04 19:00:00,Milwaukee,Bucks,Washington,Wizards,Regular Season,0,1,29.0,9,0,2,2,0,0,0,0,1,13,4,3,0.75,4,3,0.75,0,0,0.0,128,140,0
202083,2022,22201193,2023-04-05 19:30:00,Milwaukee,Bucks,Chicago,Bulls,Regular Season,1,1,30.0,7,2,8,6,2,1,1,0,3,5,7,3,0.429,4,1,0.25,0,0,0.0,105,92,0
202083,2022,22201208,2023-04-07 20:00:00,Milwaukee,Bucks,Memphis,Grizzlies,Regular Season,1,0,6.0,2,1,1,1,0,0,0,1,0,-4,1,1,1.0,0,0,0.0,0,0,0.0,114,137,0
202083,2022,22201221,2023-04-09 13:00:00,Milwaukee,Bucks,Toronto,Raptors,Regular Season,0,0,22.0,3,1,1,1,0,0,0,0,0,-11,5,0,0.0,4,0,0.0,4,3,0.75,121,105,0
202083,2022,42200101,2023-04-16 17:30:00,Milwaukee,Bucks,Miami,Heat,Playoffs,1,0,17.0,6,1,3,2,1,1,1,0,2,-13,4,2,0.5,4,2,0.5,0,0,0.0,117,130,0
202083,2022,42200105,2023-04-26 21:30:00,Milwaukee,Bucks,Miami,Heat,Playoffs,1,0,23.0,6,0,0,0,0,0,1,0,1,-19,5,2,0.4,3,2,0.667,0,0,0.0,126,128,0
202083,2023,12300015,2023-10-10 19:30:00,Atlanta,Hawks,Cleveland,Cavaliers,Preseason,1,1,9.0,2,1,4,4,0,0,0,1,0,0,2,1,0.5,1,0,0.0,0,0,0.0,108,107,0
202083,2023,12300028,2023-10-12 19:30:00,Atlanta,Hawks,Memphis,Grizzlies,Preseason,1,1,0.0,0,0,0,0,0,0,0,0,0,0,0,0,0.0,0,0,0.0,0,0,0.0,103,102,0
202083,2023,12300035,2023-10-14 15:30:00,Atlanta,Hawks,New Orleans,Pelicans,Preseason,1,1,16.0,0,2,4,1,3,1,0,1,2,-4,2,0,0.0,2,0,0.0,0,0,0.0,110,105,0
202083,2023,12300044,2023-10-16 19:00:00,Atlanta,Hawks,Indiana,Pacers,Preseason,0,0,10.0,3,0,1,1,0,0,0,0,0,8,2,1,0.5,1,1,1.0,0,0,0.0,116,112,0
202083,2023,12300068,2023-10-20 19:00:00,Atlanta,Hawks,Philadelphia,76ers,Preseason,0,0,6.0,0,0,0,0,0,0,0,3,1,-11,1,0,0.0,1,0,0.0,0,0,0.0,120,106,0
202083,2023,22300175,2023-11-11 19:30:00,Atlanta,Hawks,Miami,Heat,Regular Season,1,0,7.0,7,0,2,1,1,0,0,1,3,1,2,2,1.0,2,2,1.0,2,1,0.5,109,117,0
202083,2023,22300018,2023-11-14 19:00:00,Atlanta,Hawks,Detroit,Pistons,NBA Emirates Cup,0,1,0.0,0,0,0,0,0,0,0,0,0,0,0,0,0.0,0,0,0.0,0,0,0.0,120,126,0
202083,2023,22300193,2023-11-15 19:30:00,Atlanta,Hawks,New York,Knicks,Regular Season,1,0,9.0,3,1,3,2,1,0,1,0,2,2,1,1,1.0,1,1,1.0,0,0,0.0,114,116,0
202083,2023,22300029,2023-11-17 19:30:00,Atlanta,Hawks,Philadelphia,76ers,NBA Emirates Cup,1,0,10.0,2,0,0,0,0,0,0,0,2,-8,2,0,0.0,2,0,0.0,4,2,0.5,116,126,0
202083,2023,22300039,2023-11-21 19:30:00,Atlanta,Hawks,Indiana,Pacers,NBA Emirates Cup,1,0,8.0,3,1,1,1,0,0,0,1,3,1,2,1,0.5,2,1,0.5,0,0,0.0,152,157,0
202083,2023,22300227,2023-11-22 19:30:00,Atlanta,Hawks,Brooklyn,Nets,Regular Season,1,1,0.0,0,0,0,0,0,0,0,0,0,0,0,0,0.0,0,0,0.0,0,0,0.0,147,145,0
202083,2023,22300241,2023-11-25 19:00:00,Atlanta,Hawks,Washington,Wizards,Regular Season,0,1,7.0,0,1,0,0,0,0,0,0,0,-6,1,0,0.0,1,0,0.0,0,0,0.0,108,136,0
202083,2023,22300246,2023-11-26 18:00:00,Atlanta,Hawks,Boston,Celtics,Regular Season,0,0,7.0,2,0,0,0,0,0,0,0,1,-1,3,1,0.333,2,0,0.0,0,0,0.0,113,103,0
202083,2023,22300055,2023-11-28 19:30:00,Atlanta,Hawks,Cleveland,Cavaliers,NBA Emirates Cup,0,0,16.0,0,2,3,3,0,0,0,0,0,1,3,0,0.0,3,0,0.0,0,0,0.0,128,105,0
202083,2023,22300272,2023-11-30 20:00:00,Atlanta,Hawks,San Antonio,Spurs,Regular Season,0,1,14.0,3,2,0,0,0,1,0,0,1,1,1,1,1.0,1,1,1.0,0,0,0.0,135,137,0
202083,2023,22300286,2023-12-02 20:00:00,Atlanta,Hawks,Milwaukee,Bucks,Regular Season,0,0,12.0,1,0,1,1,0,0,2,0,0,-13,2,0,0.0,2,0,0.0,2,1,0.5,132,121,0
202083,2023,22301209,2023-12-06 19:30:00,Atlanta,Hawks,Brooklyn,Nets,Regular Season,1,0,11.0,4,0,1,1,0,0,1,0,2,-1,1,0,0.0,1,0,0.0,4,4,1.0,113,114,0
202083,2023,22301218,2023-12-08 19:00:00,Atlanta,Hawks,Philadelphia,76ers,Regular Season,0,0,9.0,3,0,0,0,0,0,0,0,0,-13,3,0,0.0,1,0,0.0,3,3,1.0,125,114,0
202083,2023,22300296,2023-12-11 19:30:00,Atlanta,Hawks,Denver,Nuggets,Regular Season,1,0,18.0,2,1,5,4,1,0,2,2,1,-2,5,1,0.2,4,0,0.0,0,0,0.0,122,129,0
202083,2023,22300313,2023-12-13 19:30:00,Atlanta,Hawks,Toronto,Raptors,Regular Season,0,0,13.0,5,1,2,1,1,0,2,0,3,-11,6,1,0.167,4,1,0.25,2,2,1.0,135,128,0
202083,2023,22300330,2023-12-15 19:30:00,Atlanta,Hawks,Toronto,Raptors,Regular Season,0,1,0.0,0,0,0,0,0,0,0,0,0,0,0,0,0.0,0,0,0.0,0,0,0.0,104,125,0
202083,2023,22300336,2023-12-16 19:30:00,Atlanta,Hawks,Cleveland,Cavaliers,Regular Season,0,0,20.0,2,1,2,2,0,0,0,0,3,8,2,1,0.5,1,0,0.0,0,0,0.0,127,119,0
202083,2023,22300352,2023-12-18 19:30:00,Atlanta,Hawks,Detroit,Pistons,Regular Season,1,1,15.0,2,1,2,2,0,1,1,1,1,-9,2,1,0.5,1,0,0.0,0,0,0.0,130,124,0
202083,2023,22300371,2023-12-20 20:00:00,Atlanta,Hawks,Houston,Rockets,Regular Season,0,1,7.0,1,0,2,2,0,0,0,0,1,2,2,0,0.0,1,0,0.0,2,1,0.5,127,134,0
202083,2023,22300384,2023-12-22 20:00:00,Atlanta,Hawks,Miami,Heat,Regular Season,0,0,6.0,0,0,1,1,0,0,0,0,1,-3,1,0,0.0,1,0,0.0,0,0,0.0,122,113,0
202083,2023,22300393,2023-12-23 19:30:00,Atlanta,Hawks,Memphis,Grizzlies,Regular Season,1,0,0.0,0,0,0,0,0,0,0,0,0,0,0,0,0.0,0,0,0.0,0,0,0.0,119,125,0
202083,2023,22300408,2023-12-26 20:00:00,Atlanta,Hawks,Chicago,Bulls,Regular Season,0,0,6.0,0,1,0,0,0,1,0,1,1,-1,0,0,0.0,0,0,0.0,0,0,0.0,118,113,0
202083,2023,22300431,2023-12-29 19:30:00,Atlanta,Hawks,Sacramento,Kings,Regular Season,1,0,0.0,0,0,0,0,0,0,0,0,0,0,0,0,0.0,0,0,0.0,0,0,0.0,110,117,0
202083,2023,22300445,2023-12-31 15:00:00,Atlanta,Hawks,Washington,Wizards,Regular Season,0,1,0.0,0,0,0,0,0,0,0,0,0,0,0,0,0.0,0,0,0.0,0,0,0.0,126,130,0
202083,2023,22300467,2024-01-03 19:30:00,Atlanta,Hawks,Oklahoma City,Thunder,Regular Season,1,1,0.0,0,0,0,0,0,0,0,0,0,0,0,0,0.0,0,0,0.0,0,0,0.0,141,138,0
202083,2023,22300480,2024-01-05 19:00:00,Atlanta,Hawks,Indiana,Pacers,Regular Season,0,0,0.0,0,0,0,0,0,0,0,0,0,0,0,0,0.0,0,0,0.0,0,0,0.0,150,116,0
202083,2023,22300499,2024-01-07 18:00:00,Atlanta,Hawks,Orlando,Magic,Regular Season,0,0,8.0,0,0,1,1,0,1,0,0,1,11,0,0,0.0,0,0,0.0,0,0,0.0,117,110,0
202083,2023,22300634,2024-01-26 19:00:00,Atlanta,Hawks,Dallas,Mavericks,Regular Season,1,0,0.0,0,0,0,0,0,0,0,0,0,0,0,0,0.0,0,0,0.0,0,0,0.0,143,148,0
202083,2023,22300653,2024-01-28 18:00:00,Atlanta,Hawks,Toronto,Raptors,Regular Season,1,1,0.0,0,0,0,0,0,0,0,0,0,0,0,0,0.0,0,0,0.0,0,0,0.0,126,125,0
202083,2023,22300669,2024-01-30 19:30:00,Atlanta,Hawks,Los Angeles,Lakers,Regular Season,1,1,0.0,0,0,0,0,0,0,0,0,0,0,0,0,0.0,0,0,0.0,0,0,0.0,138,122,0
202083,2023,22300690,2024-02-02 19:30:00,Atlanta,Hawks,Phoenix,Suns,Regular Season,1,1,12.0,6,0,1,1,0,0,0,0,2,4,6,2,0.333,5,2,0.4,0,0,0.0,129,120,0
202083,2023,22300716,2024-02-05 19:30:00,Atlanta,Hawks,Los Angeles,Clippers,Regular Season,1,0,6.0,3,1,1,1,0,0,1,0,0,0,1,1,1.0,1,1,1.0,0,0,0.0,144,149,0
202083,2023,22300729,2024-02-07 19:30:00,Atlanta,Hawks,Boston,Celtics,Regular Season,0,0,0.0,0,0,0,0,0,0,0,0,0,0,0,0,0.0,0,0,0.0,0,0,0.0,125,117,0
202083,2023,22300742,2024-02-09 19:00:00,Atlanta,Hawks,Philadelphia,76ers,Regular Season,0,1,0.0,0,0,0,0,0,0,0,0,0,0,0,0,0.0,0,0,0.0,0,0,0.0,121,127,0
202083,2023,22300804,2024-02-23 19:30:00,Atlanta,Hawks,Toronto,Raptors,Regular Season,1,0,0.0,0,0,0,0,0,0,0,0,0,0,0,0,0.0,0,0,0.0,0,0,0.0,121,123,0
202083,2023,22300821,2024-02-25 19:00:00,Atlanta,Hawks,Orlando,Magic,Regular Season,1,1,0.0,0,0,0,0,0,0,0,0,0,0,0,0,0.0,0,0,0.0,0,0,0.0,109,92,0
202083,2023,22300835,2024-02-27 19:30:00,Atlanta,Hawks,Utah,Jazz,Regular Season,1,1,0.0,0,0,0,0,0,0,0,0,0,0,0,0,0.0,0,0,0.0,0,0,0.0,124,97,0
202083,2023,22300851,2024-02-29 19:30:00,Atlanta,Hawks,Brooklyn,Nets,Regular Season,0,0,13.0,5,0,5,5,0,2,0,0,1,-3,2,2,1.0,1,1,1.0,1,0,0.0,124,97,0
202083,2023,22300866,2024-03-02 15:00:00,Atlanta,Hawks,Brooklyn,Nets,Regular Season,0,0,0.0,0,0,0,0,0,0,0,0,0,0,0,0,0.0,0,0,0.0,0,0,0.0,114,102,0
202083,2023,22300889,2024-03-05 19:30:00,Atlanta,Hawks,New York,Knicks,Regular Season,0,1,0.0,0,0,0,0,0,0,0,0,0,0,0,0,0.0,0,0,0.0,0,0,0.0,100,116,0
202083,2023,22300895,2024-03-06 19:30:00,Atlanta,Hawks,Cleveland,Cavaliers,Regular Season,1,1,0.0,0,0,0,0,0,0,0,0,0,0,0,0,0.0,0,0,0.0,0,0,0.0,112,101,0
202083,2023,22300913,2024-03-08 20:00:00,Atlanta,Hawks,Memphis,Grizzlies,Regular Season,0,1,4.0,0,0,0,0,0,0,0,0,0,-7,0,0,0.0,0,0,0.0,0,0,0.0,92,99,0
202083,2023,22300925,2024-03-10 18:00:00,Atlanta,Hawks,New Orleans,Pelicans,Regular Season,1,0,3.0,0,1,0,0,0,0,0,0,0,-3,1,0,0.0,1,0,0.0,0,0,0.0,103,116,0
202083,2023,22300953,2024-03-13 22:00:00,Atlanta,Hawks,Portland,Trail Blazers,Regular Season,0,0,14.0,3,0,0,0,0,1,0,0,0,-6,7,1,0.143,4,1,0.25,0,0,0.0,106,102,0
202083,2023,22300966,2024-03-15 21:30:00,Atlanta,Hawks,Utah,Jazz,Regular Season,0,0,16.0,13,1,3,3,0,1,0,0,1,-3,5,4,0.8,3,3,1.0,2,2,1.0,124,122,0
202083,2023,22300982,2024-03-17 21:30:00,Atlanta,Hawks,Los Angeles,Clippers,Regular Season,0,1,13.0,6,0,1,1,0,0,1,0,0,1,2,2,1.0,2,2,1.0,0,0,0.0,93,110,0
202083,2023,22300990,2024-03-18 22:30:00,Atlanta,Hawks,Los Angeles,Lakers,Regular Season,0,0,11.0,3,3,0,0,0,0,1,0,1,-5,2,1,0.5,2,1,0.5,0,0,0.0,136,105,0
202083,2023,22301010,2024-03-21 22:30:00,Atlanta,Hawks,Phoenix,Suns,Regular Season,0,0,14.0,3,0,1,1,0,0,0,0,3,-16,4,1,0.25,2,1,0.5,0,0,0.0,128,115,0
202083,2023,22301021,2024-03-23 19:30:00,Atlanta,Hawks,Charlotte,Hornets,Regular Season,1,1,12.0,6,0,4,4,0,2,1,0,1,11,5,2,0.4,4,2,0.5,0,0,0.0,132,91,0
202083,2023,22301034,2024-03-25 19:30:00,Atlanta,Hawks,Boston,Celtics,Regular Season,1,1,17.0,6,0,4,3,1,0,0,1,0,3,4,2,0.5,3,2,0.667,0,0,0.0,120,118,0
202083,2023,22301051,2024-03-27 19:30:00,Atlanta,Hawks,Portland,Trail Blazers,Regular Season,1,1,0.0,0,0,0,0,0,0,0,0,0,0,0,0,0.0,0,0,0.0,0,0,0.0,120,106,0
202083,2023,22301060,2024-03-28 19:30:00,Atlanta,Hawks,Boston,Celtics,Regular Season,1,1,23.0,3,3,5,2,3,1,1,1,3,-1,6,1,0.167,5,1,0.2,0,0,0.0,123,122,0
202083,2023,22301076,2024-03-30 19:30:00,Atlanta,Hawks,Milwaukee,Bucks,Regular Season,1,0,18.0,9,1,1,0,1,0,1,0,3,2,9,4,0.444,3,1,0.333,0,0,0.0,113,122,0
202083,2023,22301091,2024-04-01 20:00:00,Atlanta,Hawks,Chicago,Bulls,Regular Season,0,1,7.0,2,0,1,1,0,0,0,0,1,-6,2,1,0.5,1,0,0.0,0,0,0.0,101,113,0
202083,2023,22301104,2024-04-03 19:30:00,Atlanta,Hawks,Detroit,Pistons,Regular Season,1,1,0.0,0,0,0,0,0,0,0,0,0,0,0,0,0.0,0,0,0.0,0,0,0.0,121,113,0
202083,2023,22301124,2024-04-04 19:30:00,Atlanta,Hawks,Dallas,Mavericks,Regular Season,0,0,4.0,0,0,0,0,0,0,0,0,1,2,2,0,0.0,2,0,0.0,0,0,0.0,109,95,0
202083,2023,22301130,2024-04-06 21:00:00,Atlanta,Hawks,Denver,Nuggets,Regular Season,0,0,0.0,0,0,0,0,0,0,0,0,0,0,0,0,0.0,0,0,0.0,0,0,0.0,142,110,0
202083,2023,22301147,2024-04-09 19:30:00,Atlanta,Hawks,Miami,Heat,Regular Season,1,0,4.0,2,1,0,0,0,0,1,0,0,-1,0,0,0.0,0,0,0.0,2,2,1.0,111,117,0
202083,2023,22301159,2024-04-10 19:30:00,Atlanta,Hawks,Charlotte,Hornets,Regular Season,1,0,0.0,0,0,0,0,0,0,0,0,0,0,0,0,0.0,0,0,0.0,0,0,0.0,114,115,0
202083,2023,52300111,2024-04-17 21:30:00,Atlanta,Hawks,Chicago,Bulls,Play-in Tournament,0,0,9.0,0,1,0,0,0,0,0,0,0,-7,2,0,0.0,2,0,0.0,0,0,0.0,131,116,0
